2984
985
955
2145
1314
1377
1744
392
42
1610
6
131
401
326
1237
1650
4881
5000
4985
2073
3340
4202
2655
2544
770
51
371
4848
2114
4786
3078
3555
4160
2872
2693
1179
254
3706
503
2644
412
1894
1080
1647
1170
3620
3525
613
801
2760
3233
1268
4060
2975
3174
3364
2516
1465
4784
993
864
1446
2608
2271
1100
2304
4198
949
2649
2565
820
1081
1692
4158
1954
444
3146
4324
4657
2864
1687
4665
1178
4443
3646
202
383
3111
139
3094
2326
3444
3501
651
893
701
4226
748
2223
293
1959
948
765
1307
1928
3566
1567
3735
4293
2296
2714
1563
1238
1754
3542
12
1056
4750
2860
722
2921
2218
1835
2486
2956
368
2246
2470
3247
1662
538
3101
3496
578
2492
1176
2819
795
4320
944
113
4573
1975
2099
4882
720
1565
1330
2422
3649
3890
1361
1478
4278
4773
5046
1740
608
1885
3276
5034
353
3469
2014
3576
1404
4462
2979
3486
4764
3603
4261
200
2384
2950
177
856
4277
5153
4814
2285
2909
1840
115
102
706
3224
540
934
1760
3954
3001
1030
4491
814
31
1094
3227
4155
490
4192
133
1903
3000
4332
4137
4670
3990
2149
1403
4627
3238
1661
1039
1574
1248
2845
1002
4886
3348
5103
1396
3024
504
297
230
2842
13
4927
506
850
4260
1627
4175
1155
3657
4480
3172
4051
2593
2797
1640
1051
92
472
4216
3926
1546
3623
2350
4207
138
4781
696
4577
4008
2454
117
2557
3609
4165
471
2444
1398
4291
2739
1612
369
642
2920
1382
287
185
5156
764
45
3191
2036
3701
1828
500
4218
104
3932
409
1858
2783
828
2744
3772
3750
2297
3414
1746
1219
137
947
3614
3780
1017
2715
3684
2635
2093
1973
772
4468
3126
483
3610
3258
3338
3753
2755
337
753
1425
243
2874
158
620
3269
2141
4267
4456
5020
218
1645
3339
2555
3690
3892
4167
1128
1557
1285
3306
3161
925
3270
2787
2293
3532
1077
1586
4029
1257
1498
3567
3698
1406
5161
3320
2339
3952
1777
497
1348
3037
3557
902
4688
4424
4851
4459
76
1696
661
3475
2062
1974
1103
3573
4461
4349
136
923
2873
4195
1528
2002
4564
4194
2522
1332
3673
3918
4363
1596
3647
213
3526
3207
3806
3053
599
1057
3866
4045
481
3742
1536
4228
4804
616
908
2897
746
2152
2377
757
94
3209
4887
1898
1930
3820
3592
3277
983
4437
2854
2468
4709
3544
2875
2418
2640
2252
4427
2665
4103
275
93
961
3265
635
4308
545
2286
0
3168
5027
217
2340
3008
3463
1559
4857
4219
2215
25
2201
652
2615
346
809
1160
2738
3148
1379
2312
862
1776
215
2766
314
86
4058
4783
3864
4875
5173
1189
1185
917
1236
2798
2573
2689
3860
4997
1675
1169
319
3801
4062
4176
2196
4181
518
5011
1046
1769
1701
5165
264
1199
877
1852
281
790
3152
4889
1187
4138
796
4357
302
1927
3804
4069
2136
2595
2582
1558
4913
3777
2740
2770
4234
2483
2319
4431
172
69
5081
1517
2957
2023
4678
4467
4701
5047
1977
1460
1948
3847
4947
1597
3586
5178
2869
1470
588
2210
2631
1812
196
1012
3311
4128
3210
1576
3757
2442
1059
4290
1117
1241
780
4136
3425
3479
4970
890
2900
1888
987
2478
3738
2927
3012
1742
656
2034
1547
4690
4406
2274
43
4745
4597
4893
981
2439
768
5025
224
670
4211
3625
844
2759
1045
3595
1946
1084
5125
3160
3547
941
3102
316
900
153
2493
915
970
745
891
3813
3372
3747
1281
1519
3140
3050
4770
4295
4689
4842
2827
1011
2072
1139
585
3874
247
3568
660
5175
4087
5112
4367
3215
5060
2641
3930
4027
534
5197
650
4225
4918
1336
3279
4463
3529
3732
38
4079
44
594
4717
3428
4252
4605
704
1520
3561
4624
4706
2688
3832
3517
5003
4809
2653
2433
4593
4914
4169
5117
19
4000
3667
2863
4305
4078
4248
2962
854
1708
737
1356
3951
617
2982
3208
3063
4068
1469
1705
2832
1616
1317
3074
211
1087
977
4668
4710
4676
2119
2078
2356
1156
3823
238
873
3412
2343
1697
787
607
4200
2990
488
315
2817
5188
4438
1304
2821
4170
3784
4815
1386
3909
5084
3095
2973
1737
4434
1882
4287
4941
1798
3317
4209
4990
2400
1674
4872
2476
675
1533
1570
5090
4962
1729
3394
432
3034
4873
1892
2610
3367
1629
4472
3789
5190
3898
881
2637
1141
134
1132
5001
5160
1564
1213
3273
3987
4682
237
4712
1476
1988
4664
1088
1431
79
694
2913
64
5191
2638
248
3450
3795
1133
3465
2217
1183
1832
1409
3672
3487
2404
4334
859
2121
3824
464
4911
643
4149
2277
974
142
4466
4197
4343
4683
2958
493
2004
2157
3818
1515
749
2107
1991
2650
3294
1036
3241
3355
4810
2494
1258
2561
5180
2736
4630
3516
858
894
2907
4866
655
3082
1121
926
231
3
1407
1702
5008
3767
505
1540
867
476
3358
2175
5105
928
1791
3658
3447
3055
463
3190
4704
729
1016
2320
165
4547
4538
5099
4292
5124
3785
937
2721
1423
5145
2139
1851
4059
3035
4811
4037
4821
954
3070
2477
1443
3563
2095
2360
342
1222
647
760
1709
2197
4729
4446
5116
3662
2654
1098
5065
2916
2208
1243
865
569
3988
1312
4731
2512
5184
240
2612
2824
5192
2552
4379
3353
2137
4904
728
2253
101
986
803
1688
3700
2449
290
2892
4631
2314
1052
1109
4329
4765
5076
2834
2096
4795
1106
1920
1362
1826
3296
4352
304
3446
357
683
782
4596
4751
2734
1605
462
4722
1392
335
1071
4979
5129
1359
2088
3956
1932
3878
4013
1649
2652
4498
4014
2994
431
4398
2259
4011
4800
2487
291
1811
4844
1836
234
1157
5167
3815
3519
477
1916
1990
2769
4506
1613
767
4007
3761
4976
2026
22
2183
1721
3460
30
1822
5174
2173
5006
1255
5138
4164
3304
5051
3721
4157
3817
2094
4460
4132
4835
653
1825
3402
2375
4272
262
2651
3531
4240
741
356
3163
676
509
2773
5147
3049
870
885
5157
1660
1491
4230
2298
2463
1099
1723
2533
3644
4975
1554
3489
4495
2299
2090
2815
1175
2926
4910
4244
374
1015
2181
697
4617
2896
4989
513
3917
4517
2929
1445
4915
3235
4135
2567
5170
448
2569
276
4949
194
3887
1582
3755
3604
1453
2109
3370
3828
3551
3833
4611
1522
882
3361
4241
486
4010
3836
4703
1897
2735
66
646
1855
618
2914
4065
4693
818
3196
178
2605
455
1168
1334
1214
327
2885
2788
4116
3950
5038
3991
4616
911
5131
2249
378
836
3895
1526
4067
4906
3618
5094
4098
1945
5005
2681
2537
1733
4397
2281
41
1725
3332
228
822
3071
875
3537
648
1588
2507
3861
1937
2848
1999
2800
842
861
3762
1572
2206
1210
4952
1989
838
3415
3079
413
2888
2540
3295
673
2131
3390
2251
2930
106
725
2372
2527
4818
3466
4659
4516
4492
2284
50
4782
2441
4672
2664
456
610
3290
4582
740
2330
2597
4917
427
3472
4967
3257
1149
4388
4255
2484
3628
3180
813
1254
2937
3002
5155
422
5185
2609
2718
2399
906
1807
2904
2443
2426
3802
4025
666
4134
4762
4556
4304
2630
3217
2539
4933
2687
1620
1272
2225
1477
5092
649
2606
27
95
4414
4327
3138
3315
3205
4376
1354
4834
10
4294
3727
4265
1346
1635
1865
1325
754
2686
1172
1579
3842
1628
58
4019
2793
4819
251
2781
2128
1956
4410
1097
2219
2983
1505
3513
332
46
687
3736
2698
1653
5195
2138
819
2890
4816
1333
3110
199
2168
4161
929
4280
223
18
3019
2692
2402
376
4264
72
3671
769
2542
1969
736
5142
3442
5021
3212
2762
420
2466
3594
1291
2529
4331
1138
1623
4896
2586
1670
2132
4501
1013
4085
1395
561
1889
8
3456
2037
3728
1042
807
3858
5200
1690
5139
3027
4214
1069
3246
3422
4187
4355
2729
866
1860
3849
1896
2725
1598
2883
2677
2222
3243
4738
3103
29
4289
3464
1693
414
4561
1839
913
4099
4303
2125
1266
1985
4284
4273
4543
1244
4075
4440
4487
3260
1288
3788
3510
4319
1677
2840
3925
1621
351
3222
4275
3488
4435
4186
1843
1676
2261
4662
4530
539
4330
2258
3365
9
1577
1343
4018
328
3734
2481
2949
586
3143
4031
5115
1942
1367
1739
4520
4942
3461
2887
2154
1780
3369
1267
2292
5033
263
1976
2070
1262
100
834
1767
4853
735
3201
4986
4001
4368
4307
785
4249
4337
1665
2232
5042
1473
435
4110
1197
2011
549
2702
3912
1538
21
4891
3025
4416
301
2971
1019
1684
1265
2195
4153
130
3165
621
4035
473
1883
2229
587
1493
166
3629
3381
269
5018
3274
429
4812
2802
4793
3267
2242
5088
4270
3440
3693
1202
4369
3765
2808
2966
1402
975
2290
2632
2934
3039
2212
1105
1940
1231
3183
1980
5114
1633
2748
2554
3686
731
4737
846
1464
3505
1918
1074
3596
266
3648
125
1369
3872
3559
1442
1949
3007
3112
1327
2918
3543
313
4448
786
3709
4974
4759
1331
591
4430
289
2813
3608
1485
260
2683
3871
4727
3041
236
1381
458
4227
921
1962
576
4233
3615
4645
1152
5019
2318
2227
1259
4071
37
4541
4285
5009
5086
2056
2425
4667
4948
259
2129
1461
523
1163
2732
1466
3881
4584
2894
299
1815
3223
548
2367
4796
3934
1441
3416
851
2270
1112
4450
4903
183
4880
1297
188
4780
4201
4172
4525
2879
1068
3100
2148
3791
1521
1919
4702
2724
1884
2757
3921
4231
355
5071
4250
792
3663
3051
1494
3975
3996
4861
2019
2080
1475
2706
4041
1541
2074
379
1078
3342
2560
167
1206
4524
1516
4077
3718
1575
3178
1239
2161
1935
2354
3687
4532
2775
4715
3962
1837
1274
28
845
3128
17
3635
5130
3763
766
575
519
4300
512
1452
1338
2266
2447
4052
1758
1125
2061
1342
1907
4894
4983
2508
2244
4736
3807
2084
2988
2951
1247
3239
428
3793
2851
3378
1120
4723
3748
672
2151
3467
5069
609
2189
1614
4950
1435
2580
2289
723
1757
1286
2642
1310
1424
739
1371
2279
4955
249
4493
4166
296
4505
1782
3752
4342
4626
3129
439
1899
3011
2553
3848
4708
3554
5097
52
2619
3978
3459
2028
1418
4262
209
3441
4841
2886
3073
627
4096
480
1963
2221
2513
4863
4619
2771
2780
1211
4235
1500
3919
1146
3834
4988
3305
4123
1800
3354
3236
2032
4634
4222
1043
783
4653
246
395
628
4548
5164
322
3759
4995
1462
3319
2101
4370
2717
406
1208
1842
1384
4595
3293
4578
2519
5149
141
2170
1643
99
2453
1456
4743
794
4477
1618
176
3702
2383
2075
4792
3211
4566
2902
3730
3642
1457
4394
568
4885
612
2911
2241
4725
1085
2497
852
170
1838
1663
2368
4761
707
1691
2791
817
2335
602
4790
3060
3787
286
2577
267
2601
603
4276
508
4196
2584
2341
3029
4700
3971
382
3993
4562
516
88
2066
3830
3636
2092
4994
1450
2598
5146
2814
1203
4575
3052
1212
824
3771
4946
1506
924
3350
1833
1638
56
4114
625
4924
2421
4779
1245
4957
3769
4638
3194
535
386
1893
1294
3308
4482
3536
4695
2316
3814
2517
4247
4499
2040
3670
4675
220
3314
2541
1734
3564
478
4210
1862
2018
3192
3004
5110
4940
3800
132
2705
959
2985
1027
1634
4144
5168
3256
2039
4146
3242
451
2035
2133
2126
78
317
1492
5177
4361
2728
179
1433
233
1771
1873
775
1964
1215
2620
2366
148
1792
5010
2065
393
4321
4489
147
3359
3640
4217
1329
484
5029
1512
3986
4868
4090
1503
1555
150
793
4876
4877
2905
2749
4122
4107
1422
4111
1759
2786
421
2017
863
2194
320
4740
4775
4395
3068
1917
752
3745
3263
2777
4086
3794
1308
1861
4526
3255
2675
5176
2701
515
2562
129
3584
3940
1655
4168
5048
1022
2901
85
5166
595
1158
2362
5055
1159
901
1090
4402
4188
4744
1263
1351
1038
2347
2503
3259
83
713
3708
3347
5059
336
1817
5017
1242
3843
4097
1982
2045
2876
1447
521
152
3173
3666
4878
2102
1313
1439
204
2977
4897
2342
1459
860
3928
1165
5083
2406
3017
3937
1931
161
364
1142
3261
146
4418
3458
4445
2001
1762
4148
4408
1393
611
2423
3033
880
4925
3540
4760
4766
4113
4594
668
931
3764
2334
2524
1143
265
2837
964
3696
2401
1190
4830
1375
1306
1095
3040
312
308
4552
181
776
90
3703
2458
812
3083
2370
4991
470
1324
2931
169
2020
1947
274
3766
2611
4447
4628
3437
4
1201
4660
3534
551
4553
4528
4458
67
872
306
424
2893
2669
3298
3575
3286
2830
4173
4184
4984
2676
3550
1868
989
4588
510
2906
3697
1020
827
2438
2110
295
3511
3770
4215
3452
4635
2134
3420
433
5104
3392
3606
1678
390
187
2779
3058
2200
3123
1965
4791
1514
1487
192
3676
1944
2564
4539
5196
4931
3587
4326
212
1686
3819
1014
119
4772
1806
5140
344
690
2236
207
3631
2981
3650
4311
3605
3949
4684
191
932
1173
2440
2570
4658
2338
3476
3133
3220
1171
1952
3171
4465
140
1455
3756
3145
4073
5100
2264
4279
2042
4417
4143
4147
2870
3404
347
935
507
397
2237
4943
3081
3321
2999
354
1353
489
2572
2027
3198
5058
5089
1834
2633
4607
636
4559
557
338
5093
4987
2944
261
2829
358
2203
1001
2087
1130
1726
1075
1537
485
5198
3326
1642
1323
1389
1967
4642
5095
677
1854
4599
3722
2323
1668
2972
3668
558
4378
4902
4870
3225
453
5079
3383
4171
1116
1305
1198
3231
1602
280
1808
995
2344
1971
4365
3454
2506
77
2409
2488
2836
853
3075
5066
3363
3117
4637
2704
1296
680
87
522
3219
1552
3983
3302
2432
2646
1449
1824
3588
5024
3808
3393
2536
4384
3726
36
4089
3661
530
898
2207
520
2143
1041
3723
916
2967
4306
5040
4131
759
180
3497
1938
4839
174
1715
5118
1953
945
3602
1869
3280
1518
2120
3527
524
2041
3431
4852
1463
157
2915
4442
4356
3665
1357
3688
1024
1797
4159
4735
2912
2504
4817
2831
2054
3598
1000
2204
288
3877
3429
4484
3724
1850
4453
4649
1775
4421
4728
2403
2135
1366
1584
65
571
5141
1611
5023
778
750
2413
3947
2881
3514
4959
3751
664
1960
2731
3240
2268
4347
1279
3080
1772
2964
74
1110
4054
3484
922
1699
3189
4177
1411
4620
1434
592
1481
4533
1796
1060
4643
116
1872
4246
3114
781
