4293
2881
1193
1032
3916
4674
5070
5194
3283
4820
1324
3923
28
4376
3356
96
3369
2407
4875
3570
1426
1022
3850
2163
4909
1261
785
3767
2138
1640
2899
2696
2234
550
2142
2298
4444
4477
2390
185
4421
2369
4848
3428
2495
3779
3380
880
1541
5197
2900
2763
836
3273
2778
1059
1941
2906
72
1739
892
1054
4978
3296
1707
3282
3560
4841
2385
1500
2189
4192
2137
3855
2124
649
1069
4628
3503
872
2584
4626
3078
4409
5110
3027
1196
1416
2646
2674
426
3952
3274
2246
4413
4858
1341
221
3190
314
2209
4416
424
495
3678
3320
1930
1843
76
111
2252
2262
4280
4254
5012
983
1942
2948
4558
4331
4781
4631
4589
3343
1939
1551
4496
3533
4009
942
4794
4322
4960
349
1480
3755
503
3735
965
45
2462
1389
663
1469
3659
689
4381
3138
999
4534
1014
2233
4258
1244
2263
589
5108
2167
3694
3930
4114
2474
4616
4283
3913
3
2553
3288
2667
1262
899
3202
599
4073
354
642
5166
3599
3555
1977
3945
19
3739
1301
5145
3486
4533
610
4226
2579
3007
1451
638
3413
55
2773
4285
817
1947
1270
361
526
2271
1533
2863
4173
4206
1214
5152
737
1057
2916
4047
1137
2296
3270
4090
2510
1169
3075
2141
1263
3628
4262
4442
2308
3518
1306
2074
4316
2834
1672
1110
129
3041
4666
1862
901
1445
2494
1486
2810
477
2478
1743
3931
235
1221
608
4872
3344
5139
230
1224
1029
1026
910
499
1399
4526
1200
1841
2825
3982
385
4237
1353
4448
2518
3401
1154
3222
1142
2874
1838
1681
4482
4604
4754
1226
2960
4480
1698
187
411
4215
4955
4278
5079
2220
2178
710
4894
4306
2302
4043
4353
1281
3140
228
2076
803
4340
3370
335
2388
1946
4432
128
1802
3936
4509
4104
5151
2817
4679
2011
1972
815
4693
552
2979
3263
4222
396
3171
3483
2216
1992
48
1586
371
1717
2501
3351
587
4437
4354
2409
1123
3090
3925
5157
4250
3107
4332
721
522
2063
1479
1040
5009
390
3740
897
3440
5116
3727
2435
435
353
1764
1347
809
4431
4789
1631
3632
2401
2563
2157
3993
4531
713
57
1811
2923
1502
246
1827
2681
5148
694
461
1956
4565
1543
4019
4868
793
1419
4514
2935
4333
4769
4689
3331
1443
2958
2468
5082
4795
1404
3415
3529
1839
5056
606
3393
5119
1024
661
3375
4197
2824
3707
1753
2809
2658
1450
3429
4613
3955
4684
1852
3383
1774
4768
2983
2241
4635
1143
252
2753
3616
1454
2898
3583
193
604
4397
3688
1692
2183
4486
4246
3276
225
2311
1529
3681
893
1673
1684
2622
3430
3067
4996
4412
5177
4810
407
348
1206
248
1577
2611
4818
115
1365
5023
1657
4401
4033
882
3601
4055
1709
2949
1280
2922
927
2788
3680
3485
4866
2689
112
1447
4972
3934
2422
2330
2119
4961
1578
2168
2623
4348
2459
1585
4466
1058
1582
2428
13
2519
3938
3059
4155
2543
5196
739
1250
3546
1904
2914
84
3436
4058
1877
2253
282
2736
2245
4013
5111
4699
4369
4006
881
4590
5088
2279
3751
4816
5115
3125
2509
2781
1615
5061
2061
3435
1686
3864
2363
4530
716
2364
1186
3272
312
4595
1832
1885
1546
425
3813
1159
1420
523
3117
3044
325
2650
1531
1741
1455
567
4286
705
1530
293
531
4564
1828
1398
4156
3323
81
3515
4217
4668
1192
1234
2366
2565
2799
3581
4915
1727
4796
1740
4524
3861
3947
4535
2423
4493
3574
2612
2265
4270
1253
4236
1718
543
3699
189
3714
4473
923
5001
1434
4005
3219
1735
471
2927
94
3381
301
3022
839
3933
2196
5190
2739
4422
133
1927
1769
1664
1126
1507
1352
915
3360
1100
3766
1492
601
1892
930
2237
4418
750
3434
2133
1386
3826
1552
948
486
422
4363
842
4311
3456
3452
4441
3517
3105
2505
4341
2068
1621
763
3883
2644
3877
2116
5103
4557
2496
682
2514
4471
3859
73
2315
3143
3327
4807
264
175
1590
1731
997
274
1747
1465
922
4268
5180
5095
3070
1647
2907
4665
3308
1806
4024
4187
1605
2132
2517
1052
518
3682
4396
825
3405
1327
659
2227
4965
3516
4329
1325
1350
3307
4096
1948
891
637
1611
888
260
3500
2094
1163
1164
4660
1782
420
5053
216
991
538
4399
75
1038
947
2990
2339
2867
4404
4705
579
1429
2286
4445
734
4122
1638
5195
3926
1873
61
288
4107
1708
884
4291
4194
161
1975
1901
4453
807
4335
1083
4788
3511
676
4749
4566
4205
4599
4801
3361
2963
3625
3023
818
1644
2729
857
2260
3584
373
833
1869
4063
2353
4438
1160
1974
3049
4760
4750
4169
967
4007
3433
3895
5006
257
2554
231
2827
4294
2321
3256
1561
122
3294
3534
3980
3310
756
2110
214
2865
616
2028
1209
3368
4522
412
2165
2725
485
1997
313
286
2033
3281
4958
3443
1609
764
1777
1999
143
4077
336
926
2326
597
3438
4610
4121
152
5007
4375
2575
1910
4500
1161
2961
4314
2001
581
1651
5105
2775
4743
4537
3706
816
3092
4523
3639
3054
4607
4200
2977
3824
3408
711
1408
1984
2172
3014
3734
46
2776
1612
489
2596
3304
3228
5129
484
394
5071
1766
1063
3655
660
3040
3810
4591
3468
497
261
1116
2660
4887
3213
2316
2416
1288
3633
1459
5165
3992
2488
4713
4745
2656
2593
2007
4823
1697
3289
2386
2791
3710
862
453
3829
665
2197
2058
626
3612
295
2567
2411
1881
667
801
2143
735
595
2816
4937
2420
2602
3406
3245
4620
4951
101
3244
2988
2789
1760
4919
347
2282
2184
670
3974
2908
2984
3467
4839
3894
3794
3777
554
2238
3835
1468
3904
2638
2344
690
524
3692
4304
4133
1003
331
5045
505
1357
822
3531
1428
3264
2769
1437
4296
1729
4430
2823
4821
2136
3971
743
1114
3807
933
4044
278
2213
1861
2218
2254
1675
2676
2493
3338
1378
3321
3081
1671
2848
2107
1446
4979
1358
890
4980
1813
3715
1660
4377
3728
2036
1187
3421
2029
4394
3586
639
1532
1131
1925
391
2447
500
1359
4176
1106
2
1124
3799
3214
700
2114
1043
4831
3450
4712
4884
1258
2555
1302
1173
572
3941
1133
1928
2300
4723
144
102
2180
634
2833
3512
2714
4383
955
3414
41
5094
3636
3285
3301
3808
4643
1475
4547
580
3867
223
3043
1477
1049
611
2192
2464
159
662
3477
402
2427
3097
3712
310
1103
3495
2772
3459
3073
1421
3897
4782
635
4449
954
1433
2633
1336
104
4935
2915
723
560
358
2255
1363
3076
1758
3700
2153
3176
1687
475
1794
2943
1318
905
1276
1134
4012
4504
3768
1705
2025
4143
1188
3783
95
4365
953
2453
1503
2089
3893
170
2087
1595
752
1629
52
4618
3353
2992
1245
540
1272
3195
2266
2544
103
2536
1376
4313
3377
21
962
432
1009
1184
4103
3386
3520
656
3951
1985
1548
5044
2619
2965
3594
1535
4963
596
4154
4587
1177
838
778
3208
1637
4494
4300
1957
1195
3567
263
2295
3437
3210
4100
5034
2314
2243
1460
1079
2477
3063
561
4345
1380
3821
1331
1954
3280
2187
1791
866
1879
3484
2969
2014
2335
1076
379
22
3136
4936
386
2421
1634
1736
738
4257
2065
501
3298
4621
3645
1715
190
772
5193
2532
1619
5050
397
4510
4146
212
692
1070
1181
2911
3166
4569
36
4826
1648
1812
1266
1699
4770
2060
2046
645
1625
2377
5000
2580
1520
792
1366
4652
5064
271
5077
4267
4941
1172
698
4528
1797
4303
1900
3472
4259
1856
4892
1053
1876
2962
202
1557
3265
272
2790
3165
1734
1415
4863
3970
4602
4859
4924
147
2521
4838
1509
4435
1219
952
570
1693
5022
1089
5133
4772
5059
1721
1406
3334
3705
3803
4141
4224
2697
903
4142
4946
3498
4988
3598
3205
3069
3391
719
4833
2558
3152
4170
4031
2323
4902
2608
3969
2463
1534
1326
1292
2892
2890
5164
951
1201
1271
4881
2156
3844
120
2913
51
164
2354
4594
1645
359
1088
3697
4361
2013
4966
4968
383
4343
2205
2629
2121
528
2466
1593
3786
5132
865
2647
2826
4634
1915
4880
206
4950
3542
3626
179
269
4152
1157
918
4513
3177
2582
3587
131
378
4561
2685
2807
2297
4548
4118
1369
4916
4661
2930
2508
4981
3169
925
3819
2035
1051
3950
380
4857
27
3246
4298
3717
1482
2804
4091
1765
5038
4180
1222
5032
2235
1237
79
3939
2066
536
4079
2244
2665
2792
2730
1959
2996
4062
3960
2357
1649
4344
1346
3865
664
2745
1471
2614
1423
4049
3038
2774
2800
4913
1908
784
4906
1458
4089
2405
707
2994
4502
650
715
2798
3652
229
2678
3524
4357
546
1598
3653
4871
3141
1818
1062
1077
2012
387
2754
813
1238
4159
4953
2657
3778
2568
4546
1007
4196
3718
4051
3596
1117
1725
575
3937
1140
2108
1574
4994
5150
632
4542
2395
1081
708
327
3050
3940
591
1121
3032
4074
3582
3958
4757
3035
446
2448
1587
1490
2476
2483
2304
3668
1338
4004
3686
974
3556
1955
4008
5160
1411
4321
1149
3028
17
3371
3919
1894
4819
3775
4317
4364
1065
2940
204
3204
1814
345
285
1130
4686
3093
1700
624
3746
629
3046
3419
3660
2718
2601
3074
362
1153
2031
4567
5186
297
4709
1772
343
1004
4454
1467
255
1711
2490
5161
4911
5042
556
568
3480
49
2661
2724
2860
4737
593
166
4276
2370
2615
2382
1269
3948
195
3290
4234
2169
1567
1620
2170
2152
3200
770
2576
2410
3509
759
2546
1596
2972
1815
2021
2966
2118
779
2878
2971
417
588
3800
1505
782
439
3554
699
4461
3995
668
1994
1345
3600
4212
2985
3201
2381
1233
4302
5191
2080
3637
118
2953
3398
3103
2195
247
4574
2148
853
3709
3994
1231
3126
1962
848
3319
4983
4623
4694
867
1396
978
3132
451
393
679
376
4582
2325
4145
2202
4436
2131
1273
4129
1497
641
795
1185
4386
2461
141
2376
2210
468
2431
233
3946
5052
4636
4952
4837
1960
2294
5096
65
3089
1935
1738
3662
3061
4716
618
530
4670
4506
2626
4027
1719
2571
2628
2256
1093
2671
4310
4931
1483
1891
2449
986
1087
3026
1348
3956
1113
4867
3885
3325
449
70
558
1305
5066
155
2038
4426
2620
834
4515
2768
2811
2895
372
60
1809
50
277
4360
3258
3367
3943
3275
2291
1342
3631
1312
2204
3912
332
1453
2939
1441
4879
4207
3976
1761
703
2020
800
950
3306
4374
3665
5155
2424
2091
742
509
1499
403
3812
3113
2632
4487
3267
465
1055
2064
4993
4231
2486
4907
3733
4669
1689
4629
3020
651
3234
4287
5182
5046
4736
2000
5126
4691
4403
5035
4753
856
4718
1594
776
977
1066
3357
1763
4274
125
3120
1816
2273
1779
4918
3879
1976
2607
208
2659
4021
2387
2394
3448
1847
2426
4971
4783
3513
754
3666
1060
956
5198
210
283
1284
4721
4662
1933
3881
4518
515
2199
863
4685
3462
805
2106
1179
1048
3017
1875
469
5128
305
5162
4862
3112
4852
3154
3223
375
2272
321
2393
3457
1819
4998
1986
4308
919
1377
3194
4022
2926
1521
3395
4147
3374
265
215
1501
627
1549
2621
447
80
3967
1174
2450
5131
4111
2099
811
1095
4483
4
3953
2418
2843
2290
2226
1183
4605
205
512
4123
2694
3475
4777
2556
222
3643
4046
1354
5100
99
3606
2767
4011
219
4030
4040
1418
3849
4132
4672
2526
4545
1921
4552
2360
4086
4700
1610
2586
38
2288
4992
996
766
476
3012
2637
1319
4028
1840
3627
913
256
2516
3818
2174
2828
4719
2758
2711
2350
2258
3482
1313
398
2879
4355
4764
2487
1726
553
3957
182
4912
5184
3744
2458
401
827
1728
1553
1805
3870
3906
1220
2224
296
1964
874
1995
1242
722
562
1027
823
1397
745
2347
1961
4218
3978
4767
2635
3309
4576
2756
3687
1572
4185
3197
3168
2070
157
3903
4219
4651
2003
346
473
3743
381
29
605
3847
3620
860
1871
4408
4603
1286
4475
3932
3823
1745
4695
3494
3376
3241
1390
4083
1850
5015
3163
2933
2465
1050
3507
2664
786
2322
3748
2362
2147
4843
1122
1616
2096
4933
1547
2092
5040
4232
2649
4175
1374
796
2043
2684
4627
4325
4474
14
299
86
3322
328
106
3559
369
4359
1384
934
4032
2185
4625
1472
2557
2480
2507
15
583
1216
3984
400
4920
2885
2287
569
4956
4342
1011
4391
4092
4338
4544
2293
4600
1981
4850
1304
4048
4724
1031
3047
3129
452
3915
5028
224
2160
1591
181
686
1042
1422
992
2551
2100
3354
1425
1597
3098
3102
126
121
4393
4849
697
733
3585
3487
4923
4337
3077
2535
4324
4742
220
644
4747
4439
4543
3887
4209
1427
3972
4238
2365
981
4995
74
622
3909
3750
2679
2198
2120
280
1090
3745
2625
1044
3905
2150
395
3451
2037
436
4663
4419
4681
571
2122
1512
1573
3382
4890
116
1158
1289
3016
1476
4320
5005
3809
2328
3929
4771
4378
2670
2909
4213
294
1417
2995
2592
368
1569
4228
1665
3037
4061
2849
44
3445
2404
1135
1232
2429
3679
2015
3514
4069
470
1524
4326
3773
2974
302
4814
3031
2770
4780
4385
117
4415
2891
4150
1982
3988
2805
4813
47
4601
146
1922
4932
1853
3676
3545
1903
1474
298
1104
2151
4356
4327
3672
1849
107
2550
5063
2783
3530
4520
4762
643
323
3834
12
2194
1835
2794
4136
878
1613
4076
995
2720
2841
4929
1898
3287
2261
1658
1235
481
149
1488
4380
3669
2855
685
351
2358
2814
77
1854
946
2830
3293
1918
2186
1630
1259
4247
859
67
1916
1330
3630
4734
5169
5149
1118
3402
3247
3547
2433
2039
5043
5008
963
979
42
1015
630
4402
2207
1589
1580
270
2239
4067
855
273
4495
2716
1344
1723
2831
2574
3148
762
3822
5087
1618
1293
4167
4730
4775
2868
1264
4883
3220
1895
2400
3150
4519
3550
2847
3314
3400
5124
3788
3528
3239
3394
3088
356
2009
4186
972
4149
467
4002
2905
4464
677
291
237
4727
4999
180
3255
408
2872
3747
344
3911
1091
1679
4825
2303
928
5134
4057
775
2723
3832
4934
316
5092
5086
2639
1924
418
3114
4225
3119
1064
671
1
4191
4084
2921
4644
428
3355
2334
3902
4632
4148
3162
3139
3051
2389
2698
2955
3302
1633
4039
502
3590
1575
3702
218
239
249
2797
2883
2145
3563
4190
2331
4776
2318
3470
1438
4611
4910
2208
2538
2024
2613
