3013
762
378
831
3219
521
4486
4891
4425
4534
4652
4144
845
1834
3193
2567
3000
4341
2237
235
430
2537
1852
833
4376
4306
2468
621
2154
4918
4026
3631
2551
1944
3616
1023
3725
3489
1276
3408
4733
1157
2828
180
1262
4496
1662
935
2352
5068
4247
3666
1053
3953
305
830
2499
495
152
1808
2598
2409
2086
4707
4701
3564
361
4100
4046
4689
3249
458
4881
195
1595
540
4208
2121
2074
3401
3658
2566
2104
4356
2627
4824
1973
4947
114
1122
4767
2628
1339
4578
175
1939
5130
2545
4963
4782
1293
2549
2347
3336
182
2614
1402
3449
2543
4069
3892
4217
40
3197
2710
4171
3662
588
1689
2316
1567
65
4754
161
1588
3976
1711
1707
2125
1387
695
5166
4334
3259
3088
230
3630
4512
2910
3681
3414
3769
4400
704
1210
3020
2618
3227
3051
2005
255
4027
518
3952
2706
4434
770
3096
1602
1471
3275
4529
1563
1544
2511
2556
3008
505
2278
1033
3037
551
2546
2663
4435
2148
4632
2580
78
675
4327
4706
534
3270
758
1479
2209
4631
3365
2358
4233
4635
1340
4232
2493
750
2114
1482
4848
4452
2956
1250
432
1365
3741
3179
3376
857
821
2081
390
372
1049
2967
3267
3524
3099
4740
4659
3333
3164
151
2928
1435
1165
682
692
5000
1372
4389
4387
951
1948
1632
3268
4756
4475
2881
4558
298
4749
4595
196
5009
4148
983
2593
2892
2768
1009
2842
2024
1057
2506
2613
4320
1512
2381
98
4149
1804
966
2812
2782
1541
689
1642
3123
707
26
1197
3563
952
3172
2350
1396
4016
156
4513
1799
2790
1440
5085
759
4432
832
873
1741
1426
560
4037
2883
4269
3095
947
742
648
869
4769
3381
3589
2433
1181
1367
1058
4377
572
1755
1535
200
1363
4153
1310
4002
714
288
2558
100
3425
4174
1571
2630
2088
786
1589
717
1982
3975
1272
4853
1056
3191
2138
3154
2362
3180
1838
2969
112
4005
3182
1422
1781
4319
4856
4126
3470
918
3949
478
4617
3371
2109
3597
3321
4090
1796
4741
1817
1606
4672
3448
1715
2030
1691
2816
2759
1043
4325
3983
4357
4312
3103
730
2555
20
1523
1942
4015
751
1235
3329
2652
3866
3901
4661
4779
167
422
86
3532
3601
153
3503
956
221
4450
2984
3761
1566
2958
4989
64
2274
898
3607
4671
4854
4332
5098
2436
834
1794
2795
31
5153
1342
797
622
3535
1408
5159
722
2586
2348
1473
4373
970
1494
4230
4386
640
4660
3569
502
676
4944
4553
1840
1222
2035
3400
2251
3184
761
1283
4388
3463
3136
5039
1686
2634
2234
5024
643
290
403
3497
3556
2748
4088
1990
888
606
2794
3214
3106
541
266
4729
3330
1484
3375
1186
4975
4035
3245
2929
2094
2076
4991
116
1631
3005
3835
4383
2264
4156
5186
710
4423
2159
825
1428
4739
3416
4972
4895
2390
3203
537
63
2520
4199
1668
311
1126
3185
5037
4489
1072
1936
2008
3018
3277
3664
5006
2038
1657
1144
5059
592
2429
2183
2930
3879
3459
4285
1537
3143
477
1280
712
4094
590
4574
133
2169
4683
944
3672
3643
708
4807
1992
4337
4286
3314
4917
365
4019
1786
2353
3134
2334
1153
2592
3627
1199
416
2651
3166
3908
1380
1218
4479
1182
1414
1321
646
1031
1475
840
174
4908
4480
2471
5084
608
3650
2494
4533
4877
1777
1141
1609
4970
2599
2320
3396
4063
3751
220
1708
1854
3014
1018
4959
2916
5042
5187
1478
2858
2512
1596
982
4064
229
1570
684
2404
3222
3538
3205
4925
4730
579
1330
1185
2053
2944
1024
2754
2133
4633
4025
4657
197
2423
4271
968
1946
4433
811
3287
620
346
2665
4738
2760
1403
413
4427
2896
2923
4290
2664
36
4569
4645
955
4649
459
2743
4763
284
1189
4743
2188
3939
2799
1765
3802
2521
1230
4061
366
1463
208
2838
4318
2177
2338
4358
2357
1531
2554
201
463
203
2672
1002
2800
2533
1334
2717
1895
1366
2765
2541
1693
2581
445
4060
1908
3388
2198
496
2820
2723
713
5120
3702
320
2232
3776
1464
1979
1532
4904
1757
2325
4212
1591
4945
4359
927
1329
2935
1959
2286
806
2152
3861
2418
3339
3931
5033
3838
4236
3389
2160
4737
4563
5029
4154
4352
3411
451
4731
4589
3447
1983
2393
3237
1953
3438
1106
2195
5141
402
2595
1744
2388
2491
1828
1256
1603
211
4813
4818
701
1271
2770
1046
4724
3370
4274
1166
1052
412
809
1873
2290
3547
837
662
4198
5176
1985
1220
1472
3338
4986
3890
271
392
1455
3031
1665
3094
3744
2721
66
2783
659
3481
3183
946
4476
4616
671
5071
686
1524
429
147
1951
1460
4568
3576
1958
265
388
4265
2036
4609
2988
4444
3659
3432
105
1837
4777
2860
2576
3578
1047
2255
2335
1581
122
1446
4445
687
4713
631
3928
2247
2059
820
4828
1969
2952
1868
1918
2866
486
3987
5145
4001
1200
1792
614
3418
1150
887
3002
1508
4239
3230
2722
1413
1734
447
3834
4101
1740
600
813
4416
4118
4000
1458
1336
4728
5148
628
3083
4391
561
5188
1731
629
3731
4940
423
1851
4472
3930
2819
1319
1764
433
2577
1685
4283
4191
2658
1117
4898
1658
2246
3105
4071
1986
1546
3436
2124
1894
209
792
4402
660
1010
1681
23
4495
2650
1941
1832
1613
4712
3156
1085
1381
1224
525
3297
2440
3737
3515
3424
4941
2857
3904
3845
188
4215
3041
2931
3006
1017
3697
2869
4863
171
5129
4976
4710
1225
4820
4911
2874
4629
3394
2947
678
3843
1212
3990
1515
4166
1872
945
4948
4913
1749
1733
2461
1041
1170
1209
2569
1312
931
2282
1128
2532
3477
3914
4163
3383
3505
4315
2802
2464
2608
2402
400
2043
102
4304
2852
739
2115
3315
4816
2238
2941
4068
2186
1712
5105
4394
1956
5167
4725
5073
2194
2010
3911
4614
1253
1548
4757
334
3074
1989
2582
2642
4104
2519
488
228
3498
2714
794
1074
737
3390
4499
4503
5004
2107
691
2000
1346
4102
4189
5034
2792
1097
4556
1416
578
865
3313
2620
3546
2370
647
3440
3456
1442
1432
3298
4362
3830
4106
3445
4526
5196
4605
54
1911
3303
3316
2442
4263
2313
371
4033
1797
3882
3490
4264
5115
1433
3926
2606
1423
3198
2210
453
4888
2397
438
3322
1812
4268
1522
1816
3663
2676
3234
2106
1102
315
1619
1489
5122
1694
3021
641
1697
2518
465
97
5171
681
2701
1994
5182
3121
3476
426
3439
233
1242
2339
166
285
2942
3758
3936
4457
3844
799
4656
2021
2656
1950
4636
2879
4253
2417
4519
1120
370
1997
2815
599
2239
4555
3406
4463
4121
4887
1214
2600
1967
1241
2844
3825
2112
3135
2082
3905
3851
1627
3337
2387
376
2231
776
3340
1600
3040
609
3157
3152
3332
5097
13
135
3413
5140
936
736
4206
2412
4821
2009
4398
3443
4715
0
2157
3730
1660
3133
1927
3433
4860
4381
3688
2898
1450
2343
3582
4626
2263
4048
3549
2395
1801
1579
27
2534
3756
1653
2214
2479
5075
4249
3213
2508
1092
2296
5199
1590
3305
2261
1902
4669
2655
2432
3793
2040
4980
324
1940
3998
3218
377
2452
2415
2419
3956
4988
1612
3024
4176
48
5081
4983
3909
1112
1171
3250
1964
805
1866
2463
2565
4997
862
4850
2271
4251
1825
2095
1114
3763
3675
5144
4505
545
1055
4880
3732
4066
1345
1818
1143
1239
700
2080
4343
4204
4648
3994
4135
353
1530
2847
442
4257
2252
456
1719
925
3290
1699
949
1870
4395
974
3430
4612
530
2150
818
4746
243
3588
2253
2268
711
1279
2013
1445
3877
1462
2384
2181
2778
3867
1593
917
2885
4886
4993
307
5076
1634
847
4953
4903
125
2845
260
4279
4973
3847
2045
1042
3301
3304
4894
3192
4238
1628
2855
2178
3110
1599
3412
405
3707
3210
312
810
3977
1373
2629
1451
3552
2949
3420
249
2318
4374
3437
2891
1629
843
4876
4579
2225
471
2998
716
2965
3766
4018
5143
1677
4957
3072
3494
624
2702
4494
3429
3284
2018
3502
5020
62
5080
3328
1016
4517
3159
1270
4780
168
4902
2889
1638
4340
493
2677
2398
3427
29
1550
1062
4796
4868
4493
95
1674
1155
2864
1802
2203
1882
106
1654
2420
3964
4990
503
4326
4889
2561
1889
3023
4170
1925
3557
1795
3317
3345
1341
4747
2144
3599
3790
1978
1751
2786
3446
2933
4539
1779
2456
5173
1234
2451
1620
3969
890
2989
4447
733
4380
214
1221
2369
2902
2477
3342
2123
434
2481
2048
3921
2147
4653
1207
2201
1320
2762
5018
185
728
2373
2102
3958
4195
801
2341
60
1405
337
1232
3129
2625
5026
4573
5090
2729
4280
4961
279
2449
184
4461
3382
2213
2784
3626
637
2179
4874
3148
2355
886
2980
3526
1830
1841
1729
1119
3657
4278
3852
1309
2750
2699
3097
4109
3959
4618
3891
263
3623
3809
5074
4040
3407
3274
2039
5067
5044
3347
4175
237
2129
841
3228
3747
2865
1814
2467
3435
1863
4183
4598
2105
4566
358
362
1483
3960
3368
508
4771
4302
4647
3692
169
2877
2478
3177
1954
2982
4506
960
2162
3555
2218
3174
2012
3985
2834
4896
2704
4276
4751
1880
3278
4543
2165
740
3580
181
1783
2487
2091
4329
2615
4110
1258
338
4411
4310
4508
2915
3567
2087
204
1710
3395
1856
5057
4901
798
2887
1249
2932
3966
4643
2408
627
1093
978
4670
1860
4544
1304
3738
3344
4766
1240
1630
136
709
4056
1850
3035
1869
987
1819
2859
5023
83
3610
4261
335
1655
5002
3708
4954
654
581
4859
3634
51
3765
3584
526
2975
446
1248
4202
19
4924
2015
685
3592
1604
3140
1021
5087
130
4637
113
4552
4663
774
1526
1584
5092
2856
1095
3076
3086
4058
1747
1867
3075
3837
2394
3652
2143
256
3995
4999
2940
844
3081
4783
1147
1663
3913
4474
718
5170
1038
2597
4951
1617
1327
107
1094
842
516
2876
1139
476
3484
3266
280
4209
4955
4224
3241
1972
693
3876
2766
4822
3202
741
2839
3910
1640
3855
3160
216
2509
2853
1286
1788
535
3941
123
251
3539
2017
1044
2410
846
933
186
1772
1284
2191
3842
2485
89
696
6
3011
3004
4996
4456
4939
4542
213
3811
2890
533
1587
5014
3033
2295
4006
1517
509
3748
1362
1702
2011
1457
5043
2396
4678
3574
3320
924
5011
494
3196
4150
4207
4130
4073
4982
3043
278
1026
1075
2046
2954
2073
2809
2044
159
3862
3710
3986
3997
2079
1717
3571
124
368
2976
4216
2504
144
2689
4382
1947
1158
3486
2787
1833
4952
4962
877
3698
261
4242
754
4956
2131
2455
3235
2648
504
2126
462
2637
4597
2573
854
4072
2621
2529
4401
3753
289
969
3255
615
782
893
257
2660
109
3648
3061
914
1568
4330
2434
5086
4162
4923
4696
340
1389
1360
3324
4899
1068
2756
1900
2972
4093
4778
515
194
4237
4846
4397
3108
2619
3833
619
2562
1004
5151
4658
694
2166
4700
1015
1188
1400
2228
1148
1243
394
1351
1605
4262
356
21
2895
1140
383
1395
4028
1789
3238
119
3780
3819
1666
4079
4348
4331
4759
3575
5049
2023
5146
4049
1359
1935
2921
3638
4703
1264
1611
3405
1076
1164
4847
706
1573
93
381
3236
3608
435
1246
131
4640
1255
2727
3221
2034
719
5178
3487
2345
1347
111
1404
4711
3875
163
4837
855
2761
1266
1152
481
2741
2602
4946
457
5121
4599
5005
3721
1928
5169
2496
2293
3789
25
511
4180
3668
5161
2943
408
884
1354
3169
4755
1534
12
191
4184
2331
2317
1029
3918
1281
4023
5185
4
1622
4717
4003
512
1444
3069
1110
4865
900
3161
725
1259
2746
3896
3130
3831
4404
5128
2414
1477
1417
3743
1160
2474
4592
4422
4031
3367
4650
1932
1952
2329
2724
901
2781
4267
4039
276
3016
3636
519
802
2360
2713
4692
3925
4022
838
3568
3570
1260
398
1547
3823
4922
410
642
626
3369
2925
4630
1474
4882
1987
2909
4462
5021
1864
2193
1576
4581
765
3774
1245
897
1633
4855
1971
807
928
2426
3691
2867
1027
3974
1724
5040
492
2367
1559
424
3319
3808
2591
218
2323
3451
1509
892
3077
2184
252
4167
5038
269
253
4761
3736
4446
4424
1543
4045
2685
3112
4932
3209
1383
1495
1290
1252
3712
5158
1001
2006
3884
2031
1732
59
1436
4985
490
565
5099
2483
3455
858
2170
3846
207
4708
45
2681
4333
2285
1758
547
3614
1553
4768
4464
275
4562
343
891
4702
3558
355
2971
5126
259
2379
1827
4129
3796
4929
3098
52
2801
2424
5065
3701
1877
670
2683
3581
1391
5013
1178
2075
3125
1791
2309
3189
3423
2868
699
1116
380
1159
4905
287
4852
3745
5016
2212
1901
3899
5149
3089
1836
2359
2552
3767
90
4409
4723
1533
2276
3644
1291
4764
2307
2951
352
1974
2905
3003
1179
3090
1695
4192
3804
2168
387
1278
4085
1492
1193
1706
33
3472
1273
183
2069
3947
3261
1080
5106
231
1504
104
3500
3064
1787
5123
2749
3841
896
3924
3467
286
475
1780
4688
3981
4885
332
1916
981
2027
30
3742
885
826
3208
1739
4919
1332
908
1520
3080
2386
3273
4417
1447
1177
4223
4878
1539
1748
4965
1861
1028
959
2366
1843
2207
4172
3889
1839
1499
118
4051
3602
4799
2149
1333
3957
5064
1966
248
922
2375
2806
5072
1325
2542
3378
1277
575
2553
4324
3364
4524
2319
4906
889
330
593
4297
2675
2117
664
1555
501
1703
3806
3572
3131
3047
1575
375
2405
3586
4697
1993
2624
775
795
5041
4602
2873
5017
5189
992
270
2312
913
3655
4083
306
3469
2739
3256
1208
3019
3951
304
1930
3611
1768
318
4136
2294
938
2185
310
4053
827
1296
3350
4036
4096
3973
1746
282
301
2470
2985
4750
3073
389
1216
2823
2085
4439
341
2848
4786
630
4981
2189
149
242
2997
863
4857
4081
4525
4234
1022
984
568
4354
1626
5150
548
2843
961
427
4014
2755
3001
625
4784
942
4681
1350
2047
3740
1821
1528
954
3391
3559
4826
2579
780
2962
3212
5190
407
829
3874
2221
601
1938
1514
3720
4907
4043
4624
5117
4722
4586
2604
4190
4693
2888
2813
38
5061
3118
70
138
369
4721
4727
2111
1050
3374
1132
2273
4585
3856
35
4608
558
3927
385
41
3452
883
4792
1949
3009
4468
3923
1078
2260
4185
1173
56
1554
202
3460
3871
3141
1013
4194
1415
4590
4565
