4126
595
5054
3044
1147
1524
3278
717
3728
4825
4079
74
4994
2026
563
2100
4582
4573
842
540
2569
2411
3804
265
483
1666
4604
5005
328
3825
1036
2171
4328
3282
4660
3741
1039
2409
3912
814
4459
1614
3899
240
4621
3700
753
2344
2095
2022
4724
897
1680
2859
1585
1305
5013
3779
1232
4813
4219
2389
3239
4601
4355
4105
1109
2649
4682
745
3421
421
323
835
2292
1527
3483
3486
524
1999
2762
3104
1425
1862
4645
1264
186
2864
2057
300
2657
2422
4982
4310
2188
3117
1160
665
3859
1625
939
1974
9
4369
2486
4420
3181
1941
318
635
4167
3495
4560
4816
4545
4402
2225
4361
4267
2122
2790
4125
4844
1678
4983
4521
43
3127
2115
4283
1611
4979
1384
2917
777
1354
2938
3504
3870
4343
4693
1278
2963
911
287
3103
1601
529
4744
1463
2191
4114
1905
1107
3176
888
4179
3847
628
1319
955
2350
748
5036
3994
2967
1130
1386
1215
362
2875
1048
2806
5190
4658
2528
3589
1647
711
1538
3475
3885
1931
4766
5115
3925
2769
1836
3452
766
2635
3824
2067
3473
4254
2331
1159
1806
3512
225
2145
158
1179
2614
1636
3805
4975
615
3241
1561
165
2589
1896
372
4537
4227
4367
226
2977
4516
1822
2954
3420
3398
3327
4276
2327
5114
2885
4591
5023
2958
281
4294
4726
3818
1150
2705
2372
5011
600
1331
2820
916
1639
452
1913
2574
4574
4520
639
122
191
994
609
2514
2247
1798
2369
2240
1857
2543
1347
2616
4145
2641
232
1739
5128
3459
3146
1462
4646
1571
5116
3066
371
3558
3682
2856
872
2944
445
587
1770
3785
3352
3234
224
2936
1069
4980
2046
5156
1881
2739
722
3864
2176
2423
2442
3850
112
470
5059
3124
0
4566
5001
110
1664
4686
2625
4817
889
980
2177
329
3891
1609
1229
3416
4222
2288
138
4995
3035
370
1984
2580
1766
3213
2987
1093
5040
4315
984
4192
4275
3096
1854
4635
1534
2893
962
2993
3952
2096
3395
2284
4028
2611
111
4758
4789
1253
1841
5016
2962
2991
4178
1140
809
1092
3510
4186
892
3378
3773
995
4213
3764
2432
2014
1209
3974
1982
2521
4149
1700
471
2706
2599
4448
3340
858
1026
1816
3635
3665
438
2910
2427
1388
1217
4923
2208
2274
1978
4120
25
1481
5184
1322
127
4791
2793
4055
2687
2147
4711
5140
2519
768
2118
1634
4643
4907
2634
1907
1777
3763
3953
1113
3178
3970
2970
3359
3400
13
2656
3015
3792
3659
2617
923
2314
3768
1010
3537
1156
802
367
4054
3371
4647
1315
4616
1791
4291
720
4277
4494
575
3944
475
3926
42
176
1168
4160
4823
3101
193
3281
5106
2381
5162
2736
3147
1710
1349
2501
2672
3807
4555
4540
1126
4531
70
3602
3348
1112
2285
4117
3021
5047
2653
2979
2207
4714
1120
2182
4301
3323
2559
335
1456
707
1665
1242
4966
1549
3907
999
697
4640
4268
4543
702
170
2386
629
4632
3293
1548
2691
4261
411
3299
3394
4920
1776
4062
473
214
908
2674
4005
2029
1615
4709
118
4671
1024
2081
3503
5152
4107
114
3185
3458
4386
2685
964
780
5173
2697
1517
2282
624
4514
2120
4495
5121
4939
3099
2922
2197
3042
3057
499
5161
4474
139
2053
1442
2742
2895
2268
3895
1383
3326
3619
1935
3330
3662
1717
4427
805
2414
2312
194
1163
4
2093
2313
3806
3448
2251
10
2713
2523
1173
5191
4651
4112
1240
4681
6
1248
2202
3517
4229
3090
4205
2684
1473
4572
1087
207
2297
4664
4836
3607
3175
248
325
1068
2080
4257
2092
4465
1372
1379
3848
3379
3434
3094
4135
1981
544
2019
94
3684
1263
81
594
3318
2365
5100
2826
3206
119
3704
2627
1944
3755
2260
4169
4194
2194
2933
2669
2428
5035
3921
5064
2508
1157
26
3047
3183
3866
2846
1110
1712
1796
781
293
4878
3223
2772
3273
346
1795
2158
4519
1708
511
1273
3498
2361
3526
130
564
3366
3226
1262
4069
1495
2236
2566
1424
2007
3271
1997
4181
3457
3725
3442
2130
1638
562
4903
3380
3948
1212
1751
3894
2434
2091
1237
4515
1586
1640
3
1058
3636
4599
3195
1912
1672
1381
1690
2990
4971
3494
4882
1017
2419
5105
4485
4013
3949
3957
3247
3397
894
4247
2455
2101
1599
2261
975
2741
5019
460
1247
2598
3385
3016
1224
1090
4399
4657
4336
4765
1924
1584
5020
331
3105
2484
219
132
2930
181
88
2761
3387
3616
1257
2843
3533
2789
4772
4029
4824
4339
1419
4410
4826
4603
4080
3056
2915
963
4321
551
2209
698
97
2638
754
864
565
2276
4873
3980
1951
2952
2928
4189
1413
4184
2377
2211
2782
1815
1622
3799
3772
2079
512
408
3642
66
3079
3803
175
1745
3991
1758
4154
2923
787
3106
60
724
4110
3931
3757
987
1721
5118
1211
1420
2010
3144
3313
2553
3500
1801
3041
4413
2817
1450
1188
229
4368
1254
1106
385
3399
5092
5037
5084
3489
1743
692
4159
3186
867
1085
490
117
1032
3759
1246
1722
4541
3249
3940
738
5009
5192
1632
3209
317
4484
4998
3235
2214
1686
3212
815
1834
3733
487
2545
2836
1901
2937
4366
3067
4763
2584
4912
4618
4163
3182
3466
252
4992
3655
258
1706
4259
1016
3406
3149
3358
2646
3852
2692
3749
4900
4433
2556
4828
1183
758
1014
4655
72
4170
567
2056
1967
4659
2127
4198
1714
3123
4210
1590
2203
932
3984
1794
2341
662
3650
2487
852
4004
4818
3631
3666
3620
1762
3445
1366
498
1683
2395
3892
3555
319
4449
683
3843
1859
974
62
4513
5029
1876
4010
4973
3629
2255
3830
794
3485
1510
2133
435
2430
85
3737
774
5051
4769
2359
2051
3590
4292
2246
357
2785
3686
263
3513
3973
4942
2063
1468
1593
4929
4850
5060
3845
3966
2050
521
1316
1136
2534
3627
2262
1062
3456
2289
632
4060
4233
1475
752
508
1705
589
1037
3960
3046
4961
4208
2476
1955
4737
954
4731
1850
4337
2643
1516
3837
4390
2855
3716
1047
1568
1268
2025
1551
4962
1070
3140
4401
457
516
3208
857
3535
4333
3618
4253
2378
2879
4371
2707
2511
4846
59
1131
1921
850
4109
1867
3393
57
4344
2613
1787
4876
2488
2466
2071
3924
3559
1556
749
2242
2408
3745
3889
3551
1249
617
500
4172
211
2163
3811
1
2753
531
804
2803
3415
4216
558
1592
4084
2
721
1589
1308
778
1044
791
4653
2221
3669
440
2399
84
4240
1009
3055
269
4058
1870
4684
188
103
4827
1767
37
3978
3450
3002
3524
433
5132
2477
2676
4244
2716
4527
5153
4207
2497
4287
1244
2770
2269
1134
1507
478
3904
3529
1560
928
4918
4435
682
3572
4743
2898
534
2512
1521
1702
2812
4622
431
3661
1302
1309
4340
1404
3902
3658
4182
1042
4388
3538
3702
3163
67
1529
670
4375
4707
557
419
4898
2998
3967
3264
4721
4404
4910
1005
1182
177
1181
2103
2152
4231
3972
1454
5090
1909
1515
4611
432
4032
5165
3263
3335
5039
1583
2809
520
1496
3958
1447
1052
4299
3320
365
45
1922
2886
456
2577
678
2321
5199
4085
247
3405
2042
104
806
4206
259
277
4132
1233
2322
828
2639
333
1143
1650
442
4719
1771
126
547
5007
2582
1416
2827
313
3530
4970
1607
2779
4396
636
3577
4620
3740
1803
4408
1843
2860
4565
4320
3018
3614
2526
810
3762
1395
4628
1965
4610
2925
2058
576
5188
1895
972
220
2116
4522
446
4630
3073
2366
2352
1724
1019
3793
1402
395
2023
1201
1277
2317
4928
3689
406
929
1074
5175
377
4736
4203
1477
2138
363
1461
3126
750
3813
4874
2397
2008
379
5103
108
1497
1695
2980
2169
2932
3909
3177
4689
2883
4590
1056
3446
1903
790
1055
4392
3024
2015
918
2961
2655
2364
4717
3633
2388
3068
1367
4092
1193
8
3392
4507
2591
1199
3722
1221
1474
1361
3122
4365
2357
2602
3369
3554
3527
3528
1307
2074
5049
2266
1562
4872
4293
1034
2168
4089
242
3462
3860
115
548
927
3800
3562
2824
3469
2783
934
31
1853
2711
4553
1880
4535
2901
4913
1799
5143
2520
525
3029
4006
4473
5154
4848
4072
1114
621
5091
3218
4830
2788
2510
344
465
202
1300
3168
4570
5024
1760
4926
821
690
4057
3476
2343
2658
4302
4536
3697
48
187
173
3425
1637
1498
414
3681
1891
364
4935
2894
4150
128
1022
3541
4331
3930
2068
2232
1542
2335
2387
862
3322
607
382
3876
466
606
2200
3881
4334
3431
3191
4064
2715
2819
2005
3840
4749
3730
4082
3546
1059
3914
2795
710
4892
4888
2146
3861
3170
1100
4595
1004
351
32
2149
1239
2760
216
3771
5124
102
4841
2457
1117
5195
4550
2601
1726
921
1765
476
2663
4510
4652
167
1580
3872
1057
3474
1176
886
817
4505
3418
3357
4702
2179
4793
1565
3794
3137
1645
2404
69
4101
2454
2241
1487
2825
4475
2059
2814
2167
3210
3251
3229
1338
3536
422
667
3724
693
1670
398
1835
3782
2777
2465
1382
1317
2854
420
2235
926
4363
2941
688
4694
3744
3578
4497
2984
3304
5067
5164
497
4245
4147
1687
1443
1123
3479
942
182
3888
3493
1959
552
694
4615
654
109
3294
2905
1923
2896
3272
812
1741
641
3100
1865
2845
4356
2172
2222
264
1153
3259
2874
1220
689
2866
2109
2231
1807
4875
200
54
3754
4785
4614
2135
3027
4746
3693
2947
3706
2555
730
284
4403
3139
3648
1151
4398
2890
2502
1707
3981
2228
425
3301
2267
653
2446
3777
212
666
5171
1790
3388
1809
5093
16
3553
1002
3012
3933
493
256
703
3566
4031
3159
4025
3133
3971
913
2325
2192
2815
2720
1716
1808
3638
779
2173
3608
1213
946
905
2722
3158
4891
1518
1196
273
2869
4456
4762
4468
3791
573
47
3007
856
3422
1532
1642
925
3923
3333
361
2590
1389
1620
1774
880
4235
1812
4699
1271
3112
2929
352
1709
4584
1902
1989
733
1581
4063
2199
1966
5179
4576
4350
4575
3521
4263
679
159
2913
4755
5138
3987
1505
1198
474
1040
223
3200
1155
4040
3560
218
2661
4466
2072
4662
4011
4480
2278
2215
144
222
2137
3968
3645
969
4351
2412
3935
5176
3019
2311
4517
2217
1145
504
1729
1371
4831
221
1752
1669
4045
4230
4868
4171
902
5008
761
3623
412
1340
189
844
2136
2798
1980
4180
4786
1235
4950
2000
677
4687
4385
3997
945
4183
2549
992
535
4470
1410
3663
2946
3081
3230
1328
4948
2263
3386
776
4158
1200
2588
307
403
163
1994
383
2838
4759
1375
2561
1652
294
3148
1943
4861
4156
1704
2037
4458
3839
1501
2270
1186
5083
4718
436
4434
2524
2731
2966
622
3671
2690
4984
1693
5048
1908
1385
2391
1079
334
2771
1573
581
120
2567
469
4506
5094
1987
4251
2693
387
3097
3539
288
2346
3141
4196
4441
249
4843
4625
2870
2939
2393
2744
1768
4805
3381
1802
4035
3242
4556
2117
1649
2405
1184
1252
2407
3875
4845
3332
2264
3215
1438
823
2841
4387
2603
4967
4295
907
4502
4133
5078
1711
381
1998
2467
2052
4706
4577
1629
1260
1172
3696
1554
840
2320
3708
3286
1270
350
3911
4191
76
3833
1207
178
2763
4607
2078
2187
1292
2345
4439
2940
3205
1000
3993
3976
5189
4819
3603
2943
1029
1936
4936
274
2478
2539
106
922
5151
3654
4853
107
3568
254
3001
1407
764
517
2165
4991
4313
1579
957
1137
2644
1080
4981
763
2703
4338
3597
1603
4256
691
4792
793
612
2257
1950
1731
4047
21
2300
4937
210
3014
4255
2205
327
2670
3506
2688
3253
2396
1703
1326
3225
4552
1344
3460
4483
4061
3427
4554
3131
903
3941
4097
3549
290
3585
472
2298
5053
1132
3988
2515
1216
4050
2123
201
1064
2066
1988
3006
3171
3477
199
3592
2223
3354
447
3713
1697
3774
4695
1864
2124
2494
3965
4108
3374
1390
4654
2273
38
468
2086
1919
1205
1718
1467
2162
4462
1250
553
2957
4391
1105
4683
3865
4580
1358
860
2319
292
4787
4258
3363
3810
1453
1619
1227
5088
2573
4957
77
4445
2536
3364
56
1761
4729
1546
2394
4862
2237
1930
3467
1028
250
909
3128
659
171
401
3673
416
4806
1875
4501
1236
4782
1460
3078
3913
3280
2651
1817
619
4357
4974
4076
1065
538
415
4421
3408
1115
237
3254
3429
1104
2245
2049
705
4725
309
195
658
172
1723
2178
358
4927
5168
861
1144
4306
2421
3373
185
5172
44
1394
4563
2330
3746
2401
4309
27
4124
2293
485
1748
285
3753
961
1727
1325
4022
4761
5111
5145
2371
4053
5
4884
539
4081
2811
2006
1844
1938
2084
2483
4959
5133
2507
3118
4779
4602
1149
4175
2813
1792
895
306
1228
947
2618
2453
384
124
5108
1884
3710
1863
4804
4941
3075
3165
3231
3315
4379
3868
518
2332
2794
3130
4777
5160
243
4467
459
2287
339
506
5073
1046
2919
4311
4742
4649
2948
3052
709
515
92
4877
2902
4668
444
3717
3401
2460
1839
1081
4946
2437
4518
3882
818
4418
4589
1754
4661
4373
1135
841
3050
4799
2756
2698
4312
3368
4945
413
1294
2926
1821
973
5004
4753
2064
3827
145
900
1488
550
2351
2909
4424
1644
3677
53
3867
4760
5046
5022
4803
342
153
685
3295
5135
1180
2746
341
3069
2900
3823
924
50
1566
5014
1298
1957
2110
4450
1412
2675
4034
4990
568
3341
2622
4586
2537
439
2206
4814
2323
2175
3083
1577
2522
1391
1558
2754
1099
4780
1243
3906
4728
2436
574
4380
700
4838
2600
1258
3347
3470
3151
687
283
1459
1531
4428
3610
3261
941
3417
978
2249
282
2889
2607
4078
4319
2083
4217
2983
3910
3088
3480
833
301
3444
3789
321
30
1539
337
4127
2337
3995
2702
1470
657
523
3660
2219
638
1662
388
5031
3224
336
2159
3492
2629
1020
2532
1346
1341
2126
4897
785
2745
4419
2461
1304
4121
1285
1856
3709
3372
4332
876
4593
3343
1451
3439
1418
4890
2892
4705
3238
5130
168
580
3613
3703
1927
566
4070
2506
3351
2492
3258
4201
3389
2253
3606
2581
340
449
3423
788
4384
2968
5129
1162
1736
3815
3011
2818
3482
143
3384
3523
402
2291
2085
762
2450
4754
3076
731
4226
1679
1415
1275
5021
3188
4549
303
630
2161
2233
3059
811
940
2960
360
3880
3900
5157
390
970
1887
4781
898
614
1441
637
