3849
43
1091
2156
1681
1325
2100
3799
309
3146
4022
3369
2982
82
4771
4805
4907
3703
1767
4547
1456
2226
4244
1079
46
4395
3527
865
3735
1939
1867
1088
2951
4116
3355
4868
3531
1173
287
4460
4327
264
4156
858
4757
3513
992
7
4184
2772
4857
4305
4402
1282
1616
2729
2946
2188
2573
1185
2461
3762
4707
4620
3153
1970
4455
1349
4425
2459
3589
1140
1679
311
4647
4820
4850
1423
1260
1415
1134
3596
159
281
2825
4418
98
219
1077
3737
1124
4080
20
4374
1066
1207
5118
4842
4224
4626
3415
915
2909
4982
1873
676
4988
1957
1172
1075
3679
1353
3682
296
3507
5045
3713
1875
4825
1375
2655
4323
111
1153
2408
5069
1373
408
5012
2245
4903
4172
3760
2114
37
2745
4479
2505
719
655
1572
2140
2306
4601
547
2187
1268
942
175
213
4862
2984
937
4477
1822
758
4702
4046
1624
1495
1115
3390
1849
3429
63
870
1374
2027
3862
434
1770
3066
3124
435
1329
3277
3839
3628
431
5185
3613
1848
2143
581
4005
2176
1763
66
5126
4353
3252
2873
3504
1833
132
4682
3091
3001
4848
199
4445
1350
1945
4921
283
5010
1926
5142
2153
260
403
2503
4410
961
2698
498
1261
1413
636
4439
673
4788
3482
5176
4324
5023
3008
185
3106
4709
2453
532
1718
3649
3542
4819
1951
2999
4624
2293
1936
1736
2545
604
2305
1231
3554
3478
1267
1675
615
531
3377
1358
3898
1200
1057
4705
5093
3317
4026
4712
1128
2913
4878
1892
1021
4491
4123
455
1735
5034
2565
923
4843
770
3152
3563
3509
4886
2663
4465
1131
2811
1306
716
677
5141
2867
2208
4096
3442
2177
2191
4824
4420
684
3815
1007
423
1513
3684
4785
1928
4554
2968
5011
3770
2875
792
153
4861
255
3861
5086
2005
4935
1461
3653
4964
2499
5138
93
996
589
4013
4870
3256
5054
5158
2088
2590
3747
637
2828
2670
3470
3111
4559
3699
3425
4945
4207
861
2247
2340
3842
1155
4835
3177
727
5052
2796
4488
5036
1799
2064
1496
2167
1256
1631
4724
638
1782
1561
3567
336
4751
4037
368
5165
2012
2224
3959
941
208
3673
4032
397
1585
4808
4432
921
986
2794
2212
91
3625
4055
60
1388
62
4292
5083
2181
2192
3434
1414
4736
4339
530
713
3487
1044
2246
1301
960
2273
2429
3134
3893
3905
3363
1753
1174
121
1180
267
3667
129
5117
687
2939
2509
5021
1457
2184
2847
1881
2173
4706
825
1972
1137
3009
4056
3769
4867
3826
2448
369
1986
2068
3982
4054
5018
134
738
4189
4236
3929
1841
1058
1603
4099
4665
1410
2554
1452
2711
737
875
4846
4494
3026
1571
4676
4127
4417
3602
2707
4365
5082
3811
1687
1283
3493
2638
1889
1199
1977
4336
4993
3538
4519
2026
2513
3743
2697
756
3406
418
2295
3308
1869
4764
4063
4278
1594
3143
3637
4220
413
2922
843
4972
2631
4699
475
3299
4623
776
4223
3530
439
830
760
1845
4149
4666
3903
1504
4359
1898
1069
4167
3878
1276
1666
3882
4241
1027
2626
714
4561
2614
4881
167
4258
3135
128
4516
3598
2069
544
1762
2807
3416
548
3720
4147
571
3984
468
4580
2465
2507
1014
3800
1419
1394
4102
4030
2978
3595
744
2695
513
2923
1015
1581
4966
2719
1583
721
2419
2128
4475
1149
732
1883
1920
3573
1942
2882
115
4263
2682
3249
1143
4111
4141
4598
4438
1761
1509
3906
3360
5167
940
4091
2782
935
731
1201
2335
154
3833
590
293
3077
4212
1899
2561
3731
2304
3087
4766
4245
2836
3919
926
4976
2588
337
3944
1644
3328
4599
2689
1831
1853
4057
2714
1455
2047
2790
4426
4133
1083
1533
2325
3932
1596
3197
238
2780
1032
4306
3639
503
2430
3281
2379
2532
3211
4332
4583
4064
3945
2314
4269
2404
2665
983
1443
2099
176
3549
891
2749
2854
1766
1501
1451
881
4531
422
2035
4717
3676
5005
300
1441
657
3131
1811
3778
1363
110
4457
64
4865
2809
1258
702
2338
1216
2712
2603
1274
3399
5084
888
2938
516
1427
1187
2039
2814
2024
2225
1290
1240
3435
166
4285
3972
4685
266
3881
147
2472
4520
4077
4578
4869
3323
5072
4944
4110
24
18
1670
4107
2425
739
1330
4367
398
3508
4400
1886
2654
551
4801
1228
2943
1879
5025
2964
1539
4031
4802
1962
4937
3141
1589
2058
4390
3807
3505
1031
4853
1357
3721
1598
2161
5146
198
4511
4864
1016
233
771
565
2089
3098
1968
1549
4769
4523
3621
3740
1053
3329
3222
4530
2688
929
4201
1186
4261
4652
3953
2630
2819
1820
2601
699
3396
2649
1446
3305
4199
1191
2031
4126
635
3286
1013
2866
3772
3204
5177
2237
1333
5068
1954
3819
3169
2642
3436
136
2261
1653
5042
3939
1386
3044
1001
3073
3107
4577
821
119
5035
52
1035
3792
3500
340
4275
522
2034
2827
4330
2495
4630
1966
2535
577
512
3612
2664
1010
629
2300
4142
681
2119
1975
25
4315
2021
2831
2046
1964
1732
1933
2352
4664
1043
1693
5087
773
3618
1733
1181
1791
2103
2240
4506
118
4621
3510
2076
4222
620
4166
1318
2581
4746
452
1925
558
97
4934
4485
3808
659
16
165
1112
1930
5113
3468
630
4728
3715
2552
1525
4612
480
2072
3925
1151
2277
3705
827
3796
4495
4403
4760
1319
1810
4980
1494
3610
2826
4589
579
298
2396
3629
908
3988
4806
3282
3439
2009
1332
1701
2687
2587
4611
2975
1213
3588
2732
3572
1042
3348
330
5133
3543
3175
425
1025
2090
4132
2402
3668
3392
2965
1584
284
4568
2331
1609
1511
955
4654
4464
316
2163
1638
1210
1278
1642
3666
4657
562
3209
1162
4125
4011
4509
229
1206
1291
4337
4734
1918
3479
399
936
2880
2150
4524
4984
4910
4284
1223
1771
4929
3489
521
2363
3037
454
4393
4182
4814
3341
1707
4335
1144
2222
5121
3874
4813
391
4908
4798
1280
5090
122
4023
3380
683
2407
4570
3052
527
2329
2743
95
1578
4444
4039
1320
4174
2051
2731
692
1103
991
2235
2014
4313
4486
2394
2166
2286
3887
550
2061
3725
1851
1182
3049
4208
509
3973
313
3462
4143
2369
4229
1661
837
1522
1527
3642
842
2134
3865
2816
5058
4045
4209
2432
538
4799
1064
194
3499
2470
318
3578
3448
2962
3422
3117
4774
2851
2725
79
3188
650
2502
3702
2468
4698
4137
2043
1369
2098
3761
4750
4670
2443
3600
2526
5067
301
1466
2963
2242
3433
1418
1285
3724
4480
2623
1959
3174
586
1493
2096
3242
170
4916
4821
2029
1352
161
4489
2174
4950
2622
2726
1947
4677
3631
2144
3063
1039
5194
1563
14
1293
4600
4732
1387
507
4027
2974
1393
884
2822
4462
2886
3476
4748
4615
574
3758
4997
2121
2004
3248
3417
12
1316
32
453
1688
4899
1817
4891
4555
3593
4428
3196
2360
3042
1195
1520
3643
3136
3332
4597
1597
2492
1780
1826
2391
1560
303
1600
3326
5164
4646
1588
4386
4763
4739
3941
903
3217
2299
320
3432
672
3765
4338
4501
504
4181
711
977
1963
2837
0
3343
3942
2637
3410
4901
867
2562
3880
3310
1390
3966
3566
3719
2971
3311
904
1781
680
1099
2761
3971
1177
542
1608
624
3121
3999
678
2753
3745
768
4196
863
4919
1008
2658
1674
853
4218
94
975
1018
3863
4696
759
2934
289
1861
465
819
2705
3275
3626
3370
2802
384
1503
943
3154
1639
1170
3027
2001
1449
1506
2265
85
4960
3661
4514
2521
2942
17
3122
2010
4006
4543
2020
4787
4322
424
2898
5153
1998
1426
2362
2287
1226
142
2349
3755
736
1553
515
3872
4603
1481
1536
1011
4553
3333
878
2006
3775
2366
4081
1984
3231
5103
1475
4069
3334
1601
2303
3371
4310
4070
3194
2476
862
2444
2874
1439
2127
2576
2044
2458
3216
3635
4472
2842
1327
2311
797
47
4548
613
4215
4008
26
4373
1328
3378
1356
2288
4581
3779
5114
2169
3413
474
4684
2566
594
1768
1312
2186
1993
3411
4987
3347
567
2106
1339
2767
5057
3871
906
288
2558
1237
4782
109
4898
2055
1705
489
1336
3088
3912
3490
1931
5007
4450
442
3606
4840
4827
4540
5089
2870
4749
4697
2986
1856
2615
4575
2917
3733
4468
2860
1460
3524
4264
4849
2118
2104
2217
3620
1371
4877
1440
3230
2534
3207
3471
3123
2063
811
662
1160
3119
3322
1613
3644
946
5
3825
2717
4832
3187
1380
2326
4826
3528
3854
1543
385
5139
205
4211
3821
2065
4303
3218
1145
149
525
1383
1823
3240
4007
1147
1697
1026
4083
1524
602
239
4752
4355
3974
4004
3511
1785
3051
3515
2584
913
916
2256
86
253
1655
275
4352
4266
1105
4164
4259
1204
1738
3113
3170
3709
557
4715
1198
1465
4408
1529
1502
570
4745
1647
3677
4526
4231
2373
3855
3927
2267
1372
2309
2232
4809
4272
2386
4691
2593
2696
2871
647
4617
2989
2272
2950
524
2517
1888
742
1379
1184
1967
1314
1713
2605
4483
2486
4048
3820
2709
1412
499
2578
1342
3381
349
3321
41
4434
1459
2912
226
995
3983
3938
2060
1190
2298
4105
1884
1944
1310
5130
4625
3856
2787
526
4663
3627
2200
993
2162
3697
436
4471
1573
448
3503
3680
1531
1901
3104
3995
3397
2801
804
4925
1343
3763
4186
4606
2577
2859
3608
3376
2592
4394
3979
2564
1627
279
5129
951
969
902
5190
2015
40
139
471
1814
949
1085
578
4255
2771
2376
2197
2862
1637
3032
2452
4622
1809
432
1438
4152
1444
3817
4283
367
4433
3473
5073
3043
103
4975
5053
4157
3024
2673
2110
11
282
3512
75
593
1700
5099
4021
3780
4818
1020
3238
1338
1813
1205
155
10
3453
394
932
2107
1447
477
3822
285
365
181
1976
1590
405
458
3005
1253
523
4478
679
3650
87
703
2333
1296
1086
3060
5132
4345
4651
3036
2086
2914
1188
1408
2635
3899
3916
2483
1640
3660
3687
2071
3018
444
1017
2301
1569
597
3604
1836
2180
1424
4419
4725
761
4430
3601
1303
1136
2894
2389
2756
1230
1727
1298
4968
4953
178
3623
360
1999
3901
3829
2920
1422
3949
100
2683
4320
2241
2769
2715
2985
1433
833
805
3809
1405
5180
4073
4807
203
3921
2833
2254
537
1725
39
5149
4758
4217
492
3081
2094
3496
1969
22
4721
3936
3394
3516
4723
5124
290
3304
3082
3287
1082
1275
2087
4399
5198
3030
2680
3283
2233
606
3810
2356
2496
5144
1214
1850
1751
2852
5105
2494
910
856
5120
3340
4680
1245
4961
3202
4649
585
1537
2278
549
999
3498
3103
4466
648
534
1663
101
3714
1689
4671
1828
3444
3168
1389
2328
556
4232
1847
6
1430
3120
3888
1894
4492
3357
1299
3497
2932
765
1232
2803
668
3592
1626
193
133
2023
2445
1243
1165
3361
4482
3192
3379
5033
131
4955
2498
3172
4302
1607
3004
433
3890
2537
4150
1472
4086
3834
4584
5022
2512
2280
1750
1471
1922
4370
2290
1271
146
1996
4679
2276
2895
912
1250
2041
2037
4331
1436
3803
3431
2991
877
1469
4978
2092
2227
4550
639
2608
4855
3728
4317
4168
777
2446
2410
3722
2204
3450
707
2520
1488
479
2294
2510
3407
1462
1570
563
2684
81
924
3634
2042
1903
1835
2108
4510
1505
505
914
354
4992
2675
2762
2543
3678
1911
1337
3920
4658
2113
1641
1955
1255
1667
1070
2516
3683
2487
3686
2773
3937
2829
2980
3603
4816
2133
1706
234
4563
5031
1557
225
3038
2823
3080
3557
2643
2243
2557
4090
614
1948
2795
1345
2879
3173
3426
4704
4538
982
958
1840
965
1715
4256
4668
2899
3295
1660
1061
575
3071
145
895
1344
628
4989
3751
1265
1486
2657
4348
4130
1376
4528
715
1595
4920
72
1292
481
3391
4366
3488
3492
120
4536
2151
3078
2139
3045
332
3818
3669
1664
1863
1434
3931
4273
5187
2101
3636
1786
4648
2489
2359
609
4124
451
4644
2262
3
3757
2857
3437
3844
3325
272
587
4529
4349
3068
564
3010
483
3247
1978
3830
3692
1914
3933
3144
4379
4718
4847
4484
4776
2674
3336
4396
1354
4582
953
733
966
3389
3561
401
1789
1308
3447
691
1805
3058
2062
88
2679
2231
3646
976
4047
5063
510
2892
2165
3645
125
4775
3356
899
1139
4618
4932
2182
3506
4772
566
1254
4195
2966
3928
4940
1712
3586
3200
1224
1746
4467
4790
3902
4711
1157
4497
1183
1236
5091
2900
126
603
2570
1197
854
1773
217
4219
4539
3271
3201
619
616
3150
879
1745
3867
1334
2600
4135
2977
824
430
4687
241
5032
113
2553
2550
3441
3075
29
1102
4522
2724
3003
3526
1586
2091
2111
2236
1463
1769
3142
2640
488
2164
1902
4985
4905
3812
4453
931
4525
3345
4104
1900
2202
2318
1458
1012
4085
3101
5104
4487
3445
3624
1717
2738
2388
2291
4342
883
1535
4452
304
3664
2017
1367
2082
3802
4375
2203
3562
222
4100
5188
2421
2702
1055
3418
4689
2102
2720
3729
2048
4902
3857
4114
3785
2350
1246
3312
1514
2193
3651
1092
933
1988
2881
3095
4638
2786
4956
2748
4067
443
990
1897
774
1395
4674
2785
1516
356
989
4356
2367
2523
36
1239
1135
4437
2710
3427
3579
2685
1111
334
4035
3062
2132
1397
2008
2585
1227
4566
364
2906
99
3292
4074
785
3460
470
4214
539
73
2678
1739
308
4094
4358
2484
383
576
4631
31
2896
1907
3707
3195
979
907
2155
1403
3273
74
815
3338
3257
392
553
1467
695
2482
5071
4442
4963
4227
2916
4200
2527
4128
2616
3162
1694
5122
3112
3851
3278
2211
2
3212
2073
3674
1046
1272
909
2718
3262
1028
1113
4435
1682
5108
2387
4667
3693
4171
5160
4350
1515
4532
417
351
1916
911
4926
4274
957
2556
486
1540
4177
1743
3685
1364
2960
3261
5017
1686
148
1277
704
3480
2070
4235
2189
355
2598
2845
4946
2282
1384
3963
4914
4071
1484
4634
3243
1269
4242
3710
3265
476
221
4025
2595
3053
3580
4608
860
1361
3850
5127
2662
1109
343
3896
5172
2050
1093
2183
2841
34
822
5098
3118
3405
2438
1307
1087
3102
1116
2815
2621
4979
5016
1411
2175
2907
1326
2125
2799
4018
4754
4607
4720
3025
3958
371
3717
3467
3518
2693
341
2347
3670
1885
847
754
2993
327
997
4655
802
1591
4839
3029
1483
387
1305
4999
123
2345
3125
4065
2970
3269
254
1313
3806
4368
1937
4549
2033
