2328
1582
3827
172
2175
1946
126
2155
1678
2948
4427
1108
4869
1013
3801
1511
146
2893
5166
216
767
4229
4275
4323
1158
4624
3048
1738
1700
1761
4053
270
822
4236
2894
3690
3463
3789
4599
4737
154
4725
2495
1231
1715
2376
2708
325
2188
911
2957
1508
1911
4756
3272
2062
2134
3396
1631
3834
4681
4908
1459
772
2992
1690
3205
1782
1136
334
4861
2369
2025
4717
3846
1691
3182
4495
1106
3184
5197
874
3899
3192
4346
2514
3978
2907
2528
1275
2129
1265
55
2573
328
4364
1841
853
2463
4347
5135
4825
3016
4802
2818
1404
4885
1474
1358
5124
3157
317
570
4368
791
714
3595
170
4033
2838
3014
5171
2801
2351
5019
1682
2915
367
2735
2898
3335
4156
165
397
467
2927
2083
1197
2205
1352
3340
905
4106
1427
4727
4866
4858
4856
789
1273
3941
787
4101
4483
252
2350
3653
1865
3030
4588
1413
5054
657
2127
174
2658
3689
2343
2668
3531
3616
3545
2920
2485
203
1928
2047
2644
1891
1978
1238
3830
3723
4781
2149
2391
3835
2902
3213
5026
4968
913
5035
4062
323
4562
1638
2829
5191
289
690
1794
798
218
2506
756
950
1655
860
917
2174
3273
1341
5129
1954
64
2950
2705
4415
455
4296
2591
578
1710
5025
2268
2953
384
1589
1609
1516
3807
1673
4419
2269
3673
4882
427
1781
1659
1186
580
4418
2704
1260
244
5174
4793
3752
4732
421
3967
1648
1115
315
725
4135
833
821
812
1164
57
4226
3720
3445
1445
2660
3121
178
2010
3088
2918
2027
4854
2211
4042
2219
4111
4569
2639
1586
2473
4867
4434
4544
3721
1915
4602
3885
4398
3095
4801
3437
4966
1456
851
117
1827
412
2696
4032
3169
1045
318
4993
1994
1088
2317
3362
1491
3481
1597
3503
4452
1235
4669
4731
3761
4816
2610
2564
2320
5068
3403
1553
5015
1895
3391
4622
5175
548
2856
2217
1935
4300
4617
1528
370
4608
2012
1506
3534
3154
4821
2231
342
5128
2632
4783
226
4358
451
3321
4819
684
4342
58
2553
3450
2991
1201
4972
2580
2458
801
1001
3735
2474
3368
622
3997
1531
1443
4093
2334
3390
4354
1717
4480
4798
3970
2259
559
1236
4634
4974
2255
2877
3579
4529
3026
3462
1641
5168
3343
1468
3521
1125
4375
3576
2515
1815
4392
2363
3152
3369
5111
4899
2239
1052
4078
1538
2462
4113
4768
1467
4362
3354
4857
2931
4383
1078
3315
1266
2979
2665
4060
215
1239
87
4772
4630
96
2408
4381
502
753
4389
4964
5044
3660
2193
4632
4773
680
5082
3123
4666
1348
4316
2681
392
698
2848
2215
4729
640
195
999
3459
1356
41
2038
4652
1862
4765
1770
2478
1810
2437
5160
2734
3013
927
1923
1363
1412
2007
1922
2602
3844
3793
1970
3404
5144
3554
133
1637
972
2122
4171
778
4689
2615
3566
1950
2900
2724
2085
4157
794
1396
1585
1830
3568
3046
3501
1469
702
816
44
35
354
3250
4079
1060
3927
820
4850
4104
924
2673
4258
3887
4766
2222
4361
993
2926
1009
3260
3005
1686
1651
2819
2500
3138
711
5092
46
998
4438
931
781
1955
278
3529
349
1739
4656
5038
1310
645
4807
2557
209
572
1831
764
4521
3691
3345
4353
1159
3033
2349
1350
540
3471
1666
2036
1939
1439
1142
1623
1317
3864
2257
521
2304
1714
568
2936
2507
5181
4055
3713
5072
491
127
2809
2150
1276
2246
3865
785
1076
11
3325
907
2032
815
147
1114
4513
954
3263
3032
2214
4201
1018
3913
118
776
2689
151
5018
1255
2984
4046
3683
2997
1945
2399
1874
3662
2854
4952
4506
3101
3611
505
5058
2896
1777
4750
3631
3158
3057
2812
376
5189
596
531
3715
3155
4824
4522
1105
3547
2445
3882
2736
3533
4576
2316
1051
4528
4504
4654
1884
2752
2326
1135
2361
1365
1490
2989
4262
4597
3794
589
938
561
2244
4815
4940
3025
2975
2550
1866
5183
3965
1608
1471
576
3480
2216
1766
74
3414
709
1711
2496
4178
5032
3561
3847
4312
2423
624
4932
1296
869
2295
3251
86
3338
1244
2039
4764
3473
3641
971
4315
3426
3222
1561
2715
4615
2526
1462
2825
4635
3785
2502
2267
4081
646
4350
1773
2866
419
2086
1577
1588
3461
3384
1537
1927
1834
4922
3751
3609
385
619
987
2337
4128
2384
3194
3244
733
986
3661
1233
4912
2678
2758
2781
369
1281
3645
1930
3387
2208
3976
3410
1712
743
4884
3620
4437
2684
590
1149
3186
4655
2324
3455
717
2278
1245
4871
3042
40
2840
673
5088
1435
2519
3510
688
2082
2816
4913
3558
4407
615
1267
468
281
512
1354
3756
1321
3647
4748
2256
425
3921
231
3284
3996
269
2339
4606
4064
4992
4757
2060
4198
4444
104
3543
1385
1524
1677
914
2940
3494
2887
3318
4028
3126
1575
499
3809
2163
793
510
149
3974
2218
3428
4744
5172
4600
4246
3438
1199
2794
2540
4566
3144
3671
316
2575
4645
3817
1751
4841
16
1704
2490
3429
4633
1068
3934
4791
3877
1909
3527
636
3956
4279
1053
517
5071
4247
107
891
5022
3208
3823
2522
928
2753
4031
2210
4956
4423
3800
2815
3052
4203
5065
2978
4341
3858
3349
357
4578
3451
3658
2786
4684
4973
2455
2763
256
4045
4516
569
247
1746
3632
1141
2533
3085
4690
5199
1322
51
4755
1102
2996
4057
1565
4280
1438
2783
4477
2480
1722
4324
4390
3458
2228
1429
3508
2117
739
4581
634
1139
3564
2692
3581
1998
1680
1769
2488
2616
2537
4459
3375
4641
2579
2538
752
301
457
4777
5075
4212
183
121
2372
1423
4325
1701
2647
868
187
5179
332
1683
654
2475
1364
3405
4677
3089
4820
770
892
906
3937
2851
943
23
916
3573
2084
858
3326
338
4065
3837
4776
1653
4984
2013
3289
2861
3248
4500
4663
3987
1097
3448
562
5193
164
1112
4811
802
3525
1843
601
881
2512
122
182
1324
1298
1976
4556
4337
4479
3050
1554
1898
2641
643
3303
2253
3058
2916
1558
3686
4846
3392
3217
469
4257
4607
368
377
5066
3302
3348
2159
464
1620
476
3114
3923
4843
4091
859
2487
1681
1774
3238
4808
3314
3051
13
4517
1279
3741
2379
726
1723
445
4538
633
311
4702
3822
3142
212
1126
1764
4084
3771
4511
3764
1334
1168
750
4170
2452
4916
2183
1979
4905
1070
676
474
2651
0
3737
394
845
1087
2582
509
5073
448
3197
4580
3512
4775
433
1846
651
4628
2663
1963
3711
3606
2385
68
887
3028
4061
1521
4537
1294
4835
1779
4265
471
4005
4059
1563
1303
4695
181
2184
3708
650
3064
2003
1564
1422
1964
2768
4561
2446
2327
465
379
4601
1611
5000
426
4728
1227
1934
4204
2561
2700
3625
4735
2435
3666
4720
1402
626
2459
442
4914
2465
1483
56
4999
3733
2418
3346
2873
2119
4133
1299
1986
3749
4017
3422
3857
2605
4849
3565
1478
5013
1074
424
3137
4524
372
1902
3037
4584
4213
5021
33
701
4603
3973
3235
3479
1854
1003
4357
5094
3336
1849
176
2864
2393
2695
4567
2075
5170
579
4564
3523
1062
3470
2052
2930
1048
5027
3323
1241
3842
2776
2745
2619
4290
2730
1113
2409
982
2532
2891
1394
5079
2276
2220
563
2901
4593
2674
2633
1212
190
112
2903
5017
3454
5057
119
2921
2504
992
1879
2867
2824
3589
275
1174
4661
2311
479
3627
1284
4902
72
3859
686
3237
4433
482
208
4134
519
1196
2057
2095
3493
4649
3261
3363
4374
4693
2654
1610
3313
1649
2667
3370
829
2178
4010
263
4063
3814
671
4631
4025
293
4238
3417
18
1559
2200
2305
4352
760
5063
4989
849
2439
742
3808
4713
564
1792
352
3744
595
3950
2545
3331
4221
4733
2414
4604
1747
135
4144
4928
3140
335
797
4309
4447
3006
380
4546
3043
3612
2790
3644
3901
3982
638
4366
1323
3127
3018
297
2201
1188
337
3357
2241
1732
806
1011
485
4918
1224
4158
3290
2773
1983
3083
3319
4090
1034
4306
3257
1250
1243
4297
1549
1222
2631
3255
3718
2955
1223
2004
1361
243
3055
4785
2539
3172
3758
4753
5153
1688
1380
497
4518
716
3520
1692
1719
336
1451
4267
4988
2115
2144
1272
3519
1405
3539
4996
5006
4946
3992
2333
4949
1487
5080
889
2701
5045
3216
3456
1007
2717
1198
2865
3949
1312
4015
4548
4827
1446
4515
1470
5101
685
1541
1562
1044
4697
1654
2791
4119
461
2128
2406
2230
5085
4149
3824
432
251
2622
4704
2963
3803
5178
2448
4391
2842
2054
886
2585
3736
3177
2939
623
4497
488
2618
705
4339
1217
707
3964
4127
1533
1969
644
1185
2124
3540
3840
1386
4096
2723
3499
5083
2023
2131
1605
3078
3654
4618
152
3728
443
1500
876
3096
627
3218
4219
1055
3219
3118
5089
1
1269
4222
4812
1640
2895
4225
2130
59
1530
296
2087
4734
2698
2270
3150
5184
2450
4343
4428
19
5130
3664
3262
3587
2029
4115
4983
2044
4302
4408
4255
4675
495
271
1985
1958
661
3594
4730
4708
3633
2659
3536
4100
4552
4763
3147
4691
1800
2
3178
3640
1225
4397
1523
382
4278
4071
1399
2857
1089
1473
1772
5070
4920
2728
1220
1127
937
1410
2481
2548
2592
3044
4454
4523
2612
220
2101
437
4646
2302
2642
2154
3674
1919
4712
129
1313
4189
5069
4420
3293
964
1338
1618
3707
3722
2354
4484
2709
1375
2045
5118
3888
552
4248
4762
1768
3236
3563
718
4186
2272
3514
629
3926
4620
577
3829
3541
4008
970
3560
100
4682
123
2712
3299
2835
5187
2823
4493
3359
3963
1111
4183
202
3506
2287
307
4123
2466
1295
762
4583
4724
5061
3203
3895
1571
4893
240
3798
355
410
2725
2871
4573
5176
1315
962
4571
3677
3924
1166
2697
665
2889
4955
2933
196
724
2666
1059
2566
883
1754
207
3874
2805
466
2956
3549
1660
4865
2398
3090
805
4155
4307
549
4804
2830
411
2338
3775
489
1271
4976
4052
1165
4490
4432
3670
4586
4840
5020
3060
3412
506
2469
2924
3975
3629
4027
2621
4086
1900
179
2634
4393
2425
3425
2497
2600
5098
2177
1995
1626
2676
4449
1309
3542
327
1283
2065
1787
3490
854
2424
5157
3160
4276
4998
3991
4413
4001
2922
3968
976
3637
2407
4568
558
947
1929
961
4715
3819
3207
4037
3377
371
2620
261
899
4417
4416
2657
1510
1757
2070
2322
4351
2669
2987
250
925
2650
1805
3297
4329
2766
1861
2910
4013
3867
167
4242
2517
3938
2403
746
5132
1514
1882
1535
111
3879
4439
2392
3727
3774
2609
1870
1094
54
3646
1407
3133
732
1387
3750
2113
2821
1663
4505
3116
1880
3544
508
239
1662
965
3452
2869
692
408
5138
2852
3702
2416
4073
5177
1376
2655
204
3680
1345
1024
1161
116
267
5151
4864
4520
2800
4087
848
4891
1344
3291
292
5146
2249
3906
2635
923
2785
2126
4199
2828
1017
4612
2656
4349
666
1817
4700
3732
504
3000
3304
1837
1791
2066
3045
4826
663
4585
2511
3556
4800
3703
1079
3011
681
1005
9
2250
3914
2542
5031
435
1100
2959
140
1069
1949
5159
2266
1592
2672
1167
1476
395
2440
3630
4223
3925
3786
5014
2850
3171
2523
4558
3626
2509
4422
528
3195
2881
1206
613
4108
186
1672
141
3638
4029
3483
4039
921
5137
4910
145
3351
1532
2285
1014
3253
4887
5081
3091
3602
3969
4470
4482
284
3301
2395
3694
48
3449
1203
2309
1408
4877
2464
3726
1632
1419
2145
1023
608
2005
3063
81
2018
2383
4790
2796
4904
4726
1002
840
3373
4137
483
3366
3894
4034
2675
2581
4881
4379
3423
2245
3502
1670
2772
2306
4463
2846
148
1896
2068
4834
2913
2917
861
3111
1803
3378
826
341
1910
3944
4287
4888
3717
2853
2020
4979
2789
1725
3109
4207
3555
4685
3696
2949
4572
2928
1542
3966
4833
4782
554
2501
3079
2293
1331
406
2625
5046
4244
3784
1453
2687
3332
4595
4565
3740
771
2262
4002
2493
298
2882
3215
5104
1390
2344
520
2699
2422
460
3436
3716
3092
3360
2394
3271
2181
1418
2521
3815
1036
5131
4574
555
3821
1379
2069
4142
713
2742
2549
2630
4823
1860
2352
4250
1695
2608
266
5150
2359
2375
1004
5119
605
3762
2453
3003
2593
1555
3928
4609
784
1192
2325
4476
1784
2811
2802
4075
1921
3041
3917
827
305
3507
3141
1398
4987
1901
3613
4648
3246
3269
4007
2690
4960
4473
1447
897
2617
761
3621
1156
4714
1282
43
1216
2779
4435
5007
3176
4118
2499
1795
4234
4667
2063
4194
4044
1351
1290
4919
4179
3333
617
545
1674
1907
1996
981
4921
3693
3084
2527
4445
689
1675
3151
529
5122
2555
4048
606
4665
3878
303
852
837
2107
1173
3961
1604
2331
2494
4863
4526
1567
363
4254
679
4643
1027
3329
4875
1026
1458
1461
4211
5169
1308
653
4264
1182
3811
459
3596
4243
4249
1177
3
2740
3223
486
2470
236
4530
1752
641
1134
1951
2686
2271
4637
4140
5051
804
4718
3225
3875
1548
932
1828
3780
423
2236
2456
5116
2332
1146
2597
3649
4627
4338
4145
1219
1406
1006
1252
1025
4465
10
2167
3915
3102
1906
896
1075
5152
956
2303
3929
557
3838
2970
4758
2404
4143
2586
810
3239
731
331
193
3684
3098
339
5110
1914
694
4107
1973
4759
4939
4551
4543
4173
3188
4009
941
1859
4653
2603
603
1855
2389
3855
758
838
4184
1248
3475
1056
106
3593
3356
108
285
2120
3920
4068
82
2613
2691
3305
125
2374
2189
4331
2770
4557
5180
272
2834
4531
3802
1214
1987
3880
306
1750
1536
2164
1286
1150
2899
3164
1801
3922
2313
1191
3988
5074
358
2706
3381
2035
420
2421
1822
3478
2780
2946
3783
2726
4304
348
1888
2221
3624
3380
1485
1020
4192
1328
1580
4909
4560
3806
2744
4281
3104
2645
4683
870
2186
1416
1319
662
3977
973
4647
4012
2677
1261
4828
2226
3599
3495
2282
3588
428
405
5196
3267
1583
4817
3485
2505
1306
2019
4747
3308
2030
3672
2090
4954
4471
2428
1240
527
839
3469
2365
4486
2543
3062
3040
535
4549
766
3010
477
2191
299
5136
2310
1839
210
2722
1050
2064
1819
1300
574
2775
710
2738
2059
3206
4136
2346
4662
4926
523
5163
2286
84
1304
1621
5105
2162
4860
4356
2563
3952
343
3474
930
2135
2711
2402
3132
1096
3942
635
2993
2516
300
3851
1502
4409
453
3601
