5021
3027
23
652
4843
1824
1446
4713
1012
4744
3860
83
1283
5194
2824
4520
3249
291
2132
632
3252
782
2734
1084
4516
648
4857
3889
386
1340
5032
239
556
5090
86
771
4805
3226
3331
1488
1987
272
894
5018
1903
1755
1967
1881
1449
5147
2395
3756
4745
4363
4405
391
2478
4598
1663
2472
2530
3308
1733
3658
3114
2704
2525
248
3882
626
1621
2693
2759
1788
3594
4356
2744
2138
48
40
3738
2063
2819
4113
3893
3176
3097
5043
4736
2002
3850
2426
4335
1386
4747
758
1932
2741
1761
929
1921
5134
2982
1285
974
2793
2041
1558
3729
2622
1226
4733
1001
2537
1453
3598
537
3740
4741
4567
1537
3717
1437
203
1115
1668
4879
2078
1735
4841
4
2021
4950
3599
2245
3948
667
3069
927
857
2754
1475
5069
2766
4906
702
4873
4491
4392
3908
4065
1998
889
402
4055
126
4034
4107
3949
339
3858
1594
2222
2712
4315
3467
5105
1183
3928
4657
1456
5048
1484
4933
518
1348
1786
1260
692
1954
1036
3030
3993
465
1515
3724
1559
4629
1948
3749
2190
3464
2411
231
1131
5143
3607
1090
3684
3538
2360
1714
249
2407
4905
4466
422
4429
3775
2316
398
1417
588
2694
3666
2352
2435
4300
3432
3641
1943
3393
1641
4597
1339
4312
3696
4317
5161
4150
3210
4581
4171
1964
2539
530
3856
403
3588
415
4371
3051
4275
1573
4342
3004
185
4158
2946
2230
1979
2656
2385
3245
5051
4958
2841
576
2312
1545
2748
421
1572
3676
4146
1190
3170
2496
3386
1840
2306
1724
19
3719
1748
1431
2371
2346
5112
3887
3973
2112
1666
2422
3587
4988
4236
4611
1552
3602
4212
1882
1468
945
4555
1094
4662
1946
1820
791
1063
4778
3056
1231
4108
1089
3187
220
1763
3543
1112
4908
4561
3153
4500
1178
1643
3833
3911
1045
2788
3389
3522
3354
5039
1678
2029
2908
2581
5081
409
200
749
2193
1403
589
1258
1858
2820
1940
8
4544
992
4823
608
3136
1460
3412
4972
978
1701
595
3181
4440
5008
56
4179
431
3861
1315
3392
3278
3880
1404
2989
4668
2571
1466
146
3832
911
1740
4840
4772
1008
2315
3660
3043
4764
2252
961
1353
3811
756
3441
458
336
5146
3574
2452
2186
3291
713
1749
3914
1211
1741
2494
1893
4975
217
477
2072
4372
4071
2038
2781
4830
442
4859
5158
3768
1223
2238
80
3608
2670
4678
2929
1561
731
84
2553
1682
221
2141
3185
1424
850
5049
4178
3745
2441
2338
4183
460
3283
2655
2295
137
4501
4064
3970
260
3144
3845
3863
4378
4648
2801
1303
4210
145
2396
2997
4016
2188
2674
3991
3644
3705
57
3314
2985
2459
2397
2201
3168
4243
2911
3139
2213
3983
4535
3126
793
4894
66
2880
2405
4194
2600
2695
4483
2028
3932
3334
3844
2453
2154
4677
4419
1760
53
2259
320
4196
3806
603
2869
62
1332
3007
1333
1753
3259
1671
601
2811
2630
2088
2208
1896
395
5196
4967
751
2976
3094
4343
1625
4787
2692
1394
4693
1632
4384
2618
1157
1540
2058
3642
2137
1639
1739
50
801
1556
1309
1038
4230
1134
3458
244
798
3019
3107
2628
2095
1720
3690
3365
3394
2884
604
1110
4509
4505
2563
299
3791
2886
1661
1280
3421
1911
1268
2108
3968
707
737
3060
4911
2276
744
466
365
3733
2195
2951
2838
2720
3821
1182
1399
1797
2368
4862
3579
1011
4630
739
4868
668
4869
2771
5123
759
2309
3550
2012
147
1254
103
1956
4672
2446
2729
4304
5102
2466
2006
4143
676
2689
3217
2377
4412
4554
238
3471
935
3677
3807
4925
1971
1597
988
1509
1636
4959
3688
3534
3657
959
11
2828
2643
3158
2418
546
3452
4442
772
2350
3769
1644
1378
2229
1996
1031
139
193
4314
863
43
1716
776
1990
1533
4642
4077
1801
2384
2813
2851
2053
2119
3280
827
351
4748
2624
1864
4393
2336
2972
3420
609
1445
5164
4829
5025
4339
1388
1465
3289
1637
3073
2075
4352
4907
3636
766
4045
4441
3929
2415
2092
4465
1710
2040
3541
5120
5174
2076
4903
5099
1130
802
3556
318
2608
1069
284
264
1291
4548
1936
3347
1054
2421
1362
3286
4278
2945
2430
1443
4573
3829
2816
1535
4490
27
1814
3442
3437
1384
4565
2726
1729
3628
4169
2499
253
2956
3244
2611
2273
3899
3469
5188
3744
1123
1156
2672
4207
980
2940
2958
4492
2070
1551
3894
5074
354
4056
4160
410
4569
2889
4098
492
1423
3828
5085
1046
645
2646
2483
3799
2823
3348
94
818
4262
2207
3298
21
833
1524
1646
464
1234
2967
4768
1517
994
152
4209
1224
1251
2930
149
3635
49
2447
4274
3463
2272
4564
1350
777
4130
4978
1160
2743
2790
1043
1477
245
2479
3379
2526
1708
3052
2802
3985
2100
4809
228
3018
1656
3649
2506
3260
697
3310
1791
4982
283
1023
2610
5172
2437
2249
1851
2716
2515
4782
3151
2891
3143
3206
4603
3816
1988
1578
2858
1148
3853
292
1564
72
1418
830
826
114
3092
1025
2135
2417
207
4952
4237
3200
3600
973
2469
4318
1779
1380
3299
2039
951
3376
4983
4090
4052
1021
370
306
4165
1206
4413
74
510
4421
2062
2136
3033
1966
4260
1464
2026
2632
4474
3555
975
4927
5075
4266
3536
3906
525
4042
5005
1849
330
481
789
1588
213
100
1114
134
4899
4734
2572
3989
1136
4284
4792
276
4250
3637
2185
3933
4503
2770
2457
4435
892
4477
5078
2339
1690
3096
4316
2017
1792
2809
2140
2502
5189
3409
2825
2146
357
1821
3316
4375
1674
3091
359
660
4649
3447
3533
4626
454
2707
3124
3725
2992
2231
4374
4831
2035
795
4502
2304
2876
3268
2105
4079
4338
2747
2587
2842
4462
2474
1914
515
1933
5006
539
4576
2682
2097
1928
210
512
2383
4847
5013
1919
1376
3862
1184
4714
4985
1863
4513
3127
3326
2127
471
128
2401
71
2449
2280
2752
3271
2471
1286
4727
3873
1064
3481
4897
3131
2257
1568
3996
15
1002
3977
2562
2996
2564
1951
2413
494
1697
1692
787
1116
4253
3786
2804
346
167
5181
242
3292
1654
2640
4674
3995
4650
304
3586
4864
977
918
4473
674
5060
4936
3537
3482
804
1250
631
1120
4215
4799
519
2557
4770
3868
1256
885
4242
1407
3925
1702
3839
2887
4909
4518
1769
622
5045
4281
4396
3999
3743
5059
3438
350
4337
1634
3507
4145
3355
4724
2067
4604
3648
870
3003
3320
3942
2056
353
1518
2060
2115
288
5023
3193
696
1571
261
4898
887
5126
925
2791
3112
2224
2455
3800
2016
4913
1101
2533
2458
1346
4640
4100
950
4551
3511
1411
1000
2995
3356
3650
4553
4379
1095
1628
4848
1826
2130
829
1704
3410
4987
2218
3008
423
4456
3904
3397
3396
470
1902
4738
4345
2697
1829
3262
4252
2167
2626
4756
4755
5180
4932
4295
4135
1732
4821
1093
2658
3878
2740
1950
3781
1014
3871
32
1560
4828
711
2113
3256
4233
3664
109
3219
2613
4305
4718
1603
223
3783
2510
4578
5152
3479
985
2892
997
3324
3723
1660
3946
2241
691
732
3827
136
2291
1905
1098
121
3867
2516
3944
2043
2090
3923
817
1295
763
4184
1398
4385
1336
1189
4856
1857
1075
1838
912
2269
1901
2861
2139
5017
478
559
3346
3448
3837
1057
175
3205
1853
2541
219
3487
4673
770
1999
1562
4204
3770
154
4054
5068
4556
2313
2144
187
3102
3646
3169
2602
4753
2281
2937
3713
843
3369
3399
2835
1850
192
966
4731
1642
1810
846
1997
1059
4187
2448
752
5027
4706
1203
4816
4812
2436
233
2184
4111
1269
2758
583
4330
5067
443
2463
4298
41
3562
3352
820
5132
1856
523
1267
4125
2767
3864
1673
4268
1164
2639
728
1669
240
4846
760
3173
3563
1575
4070
3304
1261
598
2461
5012
4287
2780
4327
61
2579
2255
1567
1233
1142
2165
810
3952
575
4855
195
281
3777
1137
2936
4439
3000
741
4789
881
1032
1082
340
657
3028
572
4949
1631
796
1750
4454
2145
3047
1013
4414
4580
2612
4123
1744
4618
582
3211
3322
4758
550
3683
4229
3486
4700
3525
3654
4110
1044
3686
3917
434
1645
3195
3884
4636
4409
376
630
4938
4930
5026
2779
397
538
2706
1306
4619
1876
4990
3566
1617
3017
3679
3715
183
4515
1117
1505
1958
1836
4084
884
2633
956
2735
1330
4984
1794
2348
3590
1790
4103
4279
932
2638
2489
2840
2942
4138
190
3812
861
1127
504
3138
1770
2789
4348
1686
9
882
4228
1593
1651
4750
4885
2847
2827
2285
3931
2246
553
5096
1335
1717
1296
4801
4807
2727
671
600
3130
3988
1451
1694
1541
2121
5151
681
1848
5030
1308
2715
1035
106
1492
4574
1976
3560
972
368
3229
1139
2592
1917
25
5118
1209
2832
611
102
4498
1500
2773
614
356
1113
3436
1852
3213
3907
3559
1727
274
3162
1201
2073
3552
3188
750
4377
4774
2722
3668
3848
5056
3470
2288
1244
596
2143
1435
3854
3261
4710
3072
177
3639
718
2202
1227
2686
4478
161
3395
99
4961
2621
1877
532
85
1212
495
3852
343
1022
3192
445
4341
3561
2007
3423
1174
2606
3734
729
4142
3175
3763
1681
1173
2909
2032
1135
673
4530
2326
4283
2412
430
5029
4019
1422
898
1328
1784
5046
2871
3184
3711
2500
1705
4694
3699
3305
643
3297
3431
3246
2265
3318
1693
4528
4825
4689
3900
2289
2260
593
1695
4532
4461
3609
1835
3157
4174
5106
3504
1241
3300
16
4534
3620
113
2660
2268
3070
3373
141
2362
1126
95
1037
2724
1193
3025
2131
2965
2199
4914
3116
4376
4271
2460
699
3228
2037
1060
4616
2356
1747
4366
2482
2159
2938
1539
4432
232
4036
30
3930
2204
2324
855
1565
3694
1158
4860
396
1927
517
1245
2237
282
3958
2290
394
1010
4156
1225
5173
1711
3039
764
1006
474
1204
716
2736
2848
4136
2194
1684
3748
4793
2850
1995
302
4404
1230
2756
2751
2300
3540
1327
4032
321
1302
4124
3186
3604
3243
4232
1024
4060
4027
2151
1765
3391
417
2866
2898
3568
2212
2787
4484
1862
3483
2359
2921
3673
4686
1939
4891
680
3407
3950
1962
2988
416
2355
1104
1543
3198
3443
1719
2522
3865
514
2844
360
2570
4536
2333
1480
377
2949
3434
3774
3610
655
3183
69
2153
1752
4791
561
704
4666
1731
1698
5136
4106
1937
4602
965
1924
2586
4687
468
901
4246
290
3381
3755
2378
4788
1180
198
322
3040
1217
2664
5014
1803
2890
1015
1119
1395
4344
1994
4011
4634
4255
1371
1347
2424
4010
1846
362
383
4000
584
509
5035
3204
2233
982
1222
64
3937
4705
2806
2068
1243
1647
5138
5065
677
4935
4645
2546
268
1542
1699
4592
3631
1218
1432
1389
4292
1544
701
51
4832
558
1319
1773
848
1324
480
568
2652
4248
4322
2969
4367
4861
151
1834
1153
3822
2175
4078
3712
33
533
906
214
2219
4009
3665
1041
404
1078
1609
5168
2953
4663
4743
1737
1433
4880
5148
1904
3371
1869
3461
1793
2853
63
5170
3225
1691
591
4030
1175
4280
1610
3065
3881
3336
1965
886
3601
694
2915
1132
3499
4493
4022
3450
2365
549
499
3741
3428
101
1589
3621
1502
225
3547
2834
393
2927
2258
3023
2504
4638
2010
3050
2242
1
3672
3671
132
3054
934
2688
4007
160
2018
2577
4177
757
1425
2036
4214
1529
1566
1536
2799
5129
3651
1382
406
3986
1831
3313
2261
4261
3728
1548
2183
4101
484
3190
4508
2538
2792
355
4732
3128
439
4658
819
1049
2893
1166
2284
3619
3117
3374
3053
1611
469
4627
3776
646
3218
4886
3115
1516
2981
3532
4632
4754
1428
2885
2910
1865
3982
838
461
4182
2064
300
1040
4557
4878
3961
4370
2187
747
1440
4827
174
1584
890
4325
900
1941
4665
4388
1605
797
2698
4703
4601
1262
683
2410
4053
179
710
3615
2934
3510
824
507
3978
2661
3152
2709
2374
4387
4811
4231
3323
2122
2163
1520
3274
3086
2367
4224
4995
653
371
3998
2129
1229
832
4937
3362
1051
941
2877
4420
1141
904
4888
651
1870
4998
2616
1493
3521
2578
4804
1526
4321
2445
4134
3402
5091
1341
835
2211
2220
4934
4089
606
4971
4896
4035
1618
733
2498
3497
4116
2162
1342
4826
3312
803
3761
3224
554
4628
638
967
4752
5144
3503
3546
936
5179
1886
1498
4842
1194
4742
4114
436
2755
2236
3098
2856
3038
4455
4023
4044
524
222
2240
4397
131
2142
2363
5127
2161
4900
1959
4329
3303
2104
5038
4969
1220
3029
1019
4794
2906
2134
3022
788
3444
2089
2399
39
1331
4922
4558
3269
4679
717
2001
1968
2174
2468
2860
4286
2784
1152
2971
2774
4447
4817
1205
5155
2485
2376
4431
3934
4973
419
555
3765
2749
726
307
5000
1168
2345
3446
5117
4282
1257
2118
3340
933
4471
2225
2282
2086
3704
3589
2286
4408
4181
1563
67
18
2160
375
1042
180
3975
610
1442
625
4964
3449
3215
2926
2087
2977
2535
1730
1772
4924
2177
153
913
3453
1469
1154
38
1813
1754
4122
3167
4992
2400
2370
4354
2182
725
1271
2050
2420
1248
1816
3085
286
3797
5097
4887
3123
1406
3074
2277
1815
4941
104
4726
1247
2042
4523
3808
4025
4572
2023
3823
650
586
4213
4383
3417
4131
1219
2668
490
807
1623
2991
778
2116
3390
914
2627
3785
686
2180
1326
1758
693
4126
620
441
1780
644
1192
4834
2443
5066
4239
1373
5167
4583
4319
3209
800
2423
3838
2514
3909
1677
3941
1507
3201
3106
3364
540
1528
3760
1281
335
976
569
984
2155
3687
1898
991
4641
12
2406
4324
1053
202
81
4697
3634
2667
4254
4285
4226
3055
116
4496
5047
3276
4593
5122
3592
2878
4263
1715
2450
2966
2924
4584
78
4049
3135
943
4563
2529
4464
3810
712
2093
502
1381
3172
4176
3103
2110
1392
2874
3567
3918
1795
2337
1361
4013
3214
251
5190
5036
382
2558
1087
3623
1427
2731
2158
1655
123
2663
3290
1875
2244
4133
5171
4411
82
1947
2598
2764
3012
1683
3068
1317
4099
3939
4667
3357
3435
44
1955
2235
2714
859
1356
633
1884
348
3794
5178
3360
2918
4814
4976
2380
1993
2215
4203
1122
1728
915
3888
5186
4621
2979
2456
2030
2900
1945
742
4943
4912
3222
2226
3964
4014
4451
4369
5054
2232
2045
2954
2173
4699
4916
3036
1742
774
2723
1981
4595
3919
1091
