1091
1924
819
2082
3762
624
128
3402
38
1380
889
3419
3562
4101
5158
4160
1452
638
582
1536
2307
4746
1101
1340
4122
4860
2297
2006
1443
1969
2505
1469
134
2892
4669
1684
2812
4636
2037
449
499
2491
3794
2294
659
3642
2814
1276
237
774
2545
2764
4805
187
1146
911
1372
136
4692
2259
1564
3353
739
4070
2768
1442
2567
2289
191
2162
1628
3799
1066
1142
4146
2456
3712
2311
2915
4298
2727
825
3269
2845
3512
2825
4927
4295
1685
5006
4323
2220
912
1673
3744
385
305
1389
553
3338
3438
3896
1645
2090
3297
1521
1641
1769
1981
388
1964
69
3387
2931
5015
4589
4178
4766
3753
162
1134
1447
1158
2616
4477
1667
3826
2542
3813
3796
2584
4165
2197
2544
3138
573
4156
2317
3106
4657
4370
4440
2577
75
346
2867
2094
4336
3205
1085
5142
2080
4829
3526
2570
1861
3518
4933
3064
4747
107
2423
4851
484
23
4444
5172
5124
522
4544
416
1424
3422
925
2837
1370
4704
3949
1619
4522
2413
2382
2773
2541
4279
3902
3917
1543
1803
5053
2144
3754
289
4358
2032
3312
5181
2385
4337
2014
519
2556
587
3938
2532
3441
2204
5056
4604
2986
4950
558
412
5180
607
2433
3918
1963
1249
2165
1773
1044
5136
1837
2347
3137
2000
854
2729
1112
2293
1776
1659
4447
2001
540
3655
3534
4237
373
123
1615
4745
4292
3286
2396
5094
1385
3922
1891
3819
552
1036
3120
3772
4231
5002
4698
1021
5070
4397
3317
1571
204
2519
3506
3263
1744
1197
2923
1491
1747
4741
3184
3364
4837
2013
413
1620
1932
233
2072
2380
2836
4974
156
1683
4136
3846
2440
5046
3275
1759
4670
3774
4392
2320
4783
1156
4705
4677
834
217
5152
3850
2049
5122
3170
4204
2186
5137
2463
3589
2125
2026
2093
2342
4391
585
936
2333
5112
611
4222
2230
556
3295
5021
4293
853
4980
39
3349
2696
2905
4272
847
3742
5077
421
302
5168
3180
855
3849
3798
4174
2850
3776
622
5187
3265
1108
948
4076
2767
4132
4806
1956
476
1530
66
2984
4880
1242
3274
2807
315
3955
3181
2677
1030
2808
543
4494
2699
833
545
723
3158
4202
4325
4483
1579
3399
5178
2321
4762
2671
185
3371
3458
2434
2318
4216
2924
3588
4777
4957
1644
2856
1471
2218
104
3968
752
3315
3679
2909
3587
2873
117
4006
2996
55
1795
2862
3462
1223
2330
348
1459
57
2040
2327
401
3692
4052
4645
3087
4352
2778
1735
4264
3486
810
1575
8
4510
2906
1309
3311
3172
3084
3905
4082
554
1267
4265
981
202
3729
3561
4567
967
1130
520
4285
3578
3689
3821
479
1842
3211
1177
1648
4064
2208
4951
276
4764
201
2875
3953
41
3532
2178
4613
4384
2088
857
3408
3290
668
488
3373
3239
1470
3472
817
1565
5
4366
5132
2602
773
40
2260
3878
4274
1677
1627
1022
4899
4345
551
3154
3192
4732
73
4155
1829
4967
3226
3523
923
2227
2566
1444
4286
3810
1466
397
4203
4826
3015
2323
4987
564
2
3328
1495
3572
2455
195
5100
5023
5078
4726
1548
1954
2843
4557
115
3854
4565
22
4351
4742
1733
2329
858
2223
892
1831
4245
4527
1329
1500
1239
2688
3002
2393
5111
438
4878
2921
1941
330
3673
5161
5090
4525
2272
3047
3157
3936
1835
3514
268
2250
2313
42
1005
741
4210
1157
3577
5030
3354
2174
4153
547
3213
5171
286
3187
2746
1895
714
1319
4192
4177
5013
1090
3528
3116
1508
4427
2306
3028
3899
2910
1877
1151
3035
4911
2834
760
609
3453
1766
2622
3670
2795
1143
5138
400
404
166
1931
1360
4182
2885
3628
102
1371
1169
3479
1253
1356
1341
2565
1322
1413
5114
676
3608
257
2678
240
1529
2641
3964
1896
2479
342
2487
369
2583
3252
1958
5029
3904
304
4529
3128
2099
4261
1107
779
4375
20
223
1809
2445
3171
3331
3681
2988
1625
1595
1017
5042
1271
4629
2124
332
226
2046
2663
2074
2201
1580
2232
801
2149
47
3995
3125
2275
2506
3871
4459
367
30
3384
3889
2265
1318
76
494
4151
3256
2314
2370
994
64
2667
3013
5101
2791
1933
2130
130
3037
4932
2281
469
2675
3267
4916
4267
1888
3057
2071
1079
2560
2431
4819
440
2389
426
3575
3280
56
511
203
3330
4416
1770
526
959
94
1355
5063
4147
3272
3182
863
1116
876
1586
4129
227
4388
2573
972
4555
4228
3344
2878
5148
5096
4644
823
1104
5115
1285
4453
2142
737
131
1282
3834
2102
244
1133
5186
3666
2244
2156
577
4859
1701
3427
2918
2868
829
3627
590
1423
1556
3109
569
2085
3621
418
3424
597
3596
4993
5074
3691
2398
3444
685
4866
1307
4037
5129
3566
3838
2835
2958
4277
4712
1359
4121
3625
4845
247
3711
3946
2426
3961
368
4484
3828
1150
2288
4312
3392
1335
4316
3601
4586
844
2619
2502
1763
544
1632
2138
788
3395
5026
1796
1127
3927
149
1286
4594
4395
2247
90
3043
1792
4102
995
2231
4133
3376
4175
4921
1404
4499
3592
3144
684
1715
2242
1801
2238
1995
3014
3809
3194
1881
1786
2045
2776
993
3348
2744
1590
4667
4867
766
3515
926
417
1097
591
2966
4928
601
269
3914
921
278
5025
2392
3985
4868
272
4407
442
2386
3591
4562
832
4905
2969
2945
793
4815
2815
2756
1490
462
3761
4012
508
3574
3313
1155
4357
2005
1869
3040
4678
2387
677
72
5085
1342
4523
4799
841
2822
3739
3865
137
3948
3913
1537
99
4610
2578
897
1262
4418
4288
62
1991
2496
3191
1528
3886
309
4825
5120
4882
663
83
3407
2118
4675
2561
1212
2364
4409
2976
4139
1976
1136
3169
1597
487
802
4811
3650
3835
4479
3979
1751
1217
957
1782
3733
5064
1087
1617
4985
371
189
3430
616
3521
1241
1479
1588
4432
2154
2999
4559
1084
3529
1418
4300
4947
664
2109
1879
1811
1824
1210
336
1111
1453
4024
3934
4365
3360
3151
3874
2871
837
2036
4419
1599
18
1412
1144
2817
2959
4606
1577
4159
974
3324
142
772
5162
3042
3623
2003
4475
2514
2185
2533
3724
5109
5188
1489
1272
482
658
4232
4931
3389
3530
4708
1602
537
2828
4734
1020
321
3068
1838
2266
604
2914
3816
4258
4157
513
789
2789
2461
4907
3048
295
2070
1828
87
4914
5166
871
2540
2414
1037
4972
4962
3009
2518
1847
3411
1068
2710
1760
2537
2047
4908
2021
3682
1783
5103
5057
1693
1070
2922
1238
3615
2732
5155
4092
1839
3688
3232
3111
3325
2173
1705
3188
4263
4873
58
1880
3943
950
3686
2345
2737
1484
3606
745
4895
3071
4569
963
25
2095
3836
255
1723
2515
1926
1909
859
1067
510
2877
3784
733
799
2689
500
1211
2424
4095
4710
2435
1248
2202
4944
1731
4134
1234
1578
3113
2408
4651
4042
1381
4201
1797
1086
3935
681
2930
2405
2136
1570
2482
2774
1258
5179
2742
2263
2362
2656
5140
1368
2879
1885
584
1440
1432
1410
4238
4595
2375
2439
2150
2630
2750
3571
4668
4807
691
4294
2402
109
1653
4975
2332
5000
4310
4738
3524
3382
2048
3885
1698
1458
1624
1558
3730
901
1398
281
5051
3386
683
599
4654
3636
95
3652
2600
1904
3473
4902
2056
427
2595
5117
2860
4568
947
549
3663
1660
4439
1237
2348
3197
4891
2859
4533
3225
1652
5169
3793
1820
3646
3101
1961
1960
2717
512
828
732
2775
293
4468
3236
2416
941
3340
4722
7
4709
3110
2209
4611
1301
919
3299
4702
4466
3440
2504
2256
797
2961
1178
518
3734
1215
1903
3848
271
4612
2194
3190
3468
2840
2276
4512
3060
2631
2146
3052
4313
1633
1214
2576
3021
1832
603
4901
2161
1897
3755
2322
1883
2580
2734
254
1222
5034
2199
3442
695
2113
3888
1850
3304
4507
2422
813
3993
181
4973
3094
3308
515
2963
820
3559
3214
2334
3413
4158
1852
2610
4897
2050
722
2091
10
3881
1610
4958
157
4780
2728
5107
4010
1010
1437
34
1304
2770
1979
1256
1072
4888
1367
2819
4208
3661
1608
4145
3522
1305
2648
2666
265
377
865
4443
159
984
3576
4084
3185
2270
2170
5091
3108
712
2137
105
2563
5118
875
2952
5038
4998
5027
1462
194
1361
1689
382
2534
5080
3132
673
3769
852
1985
2453
623
5097
3461
2779
3752
3305
1422
2167
2447
3766
559
1277
2478
2582
2009
3590
4508
3963
435
3817
3248
4749
4575
2105
800
170
1167
2587
1232
307
4247
3967
2228
3567
3735
1353
282
4411
3637
3820
1139
3177
3417
4643
422
2205
3193
4328
4112
2844
1679
678
3800
2497
3726
2388
3217
1015
3351
635
969
2644
420
4937
2947
2117
3050
4788
1299
3861
2618
337
3868
5193
1522
1336
5018
4603
2847
16
4433
1480
48
3584
811
2714
5076
3293
4414
399
4454
1778
3500
2530
2499
505
4817
3247
258
3484
502
4542
106
4635
3825
2899
5134
468
1618
1218
1612
4080
2591
5092
3818
211
5116
2852
3218
3900
1063
3659
2551
4655
2864
1373
878
2995
3326
1369
5130
4752
108
4761
3437
2700
2897
787
353
1366
598
4602
527
1147
656
1123
4361
4656
1472
1034
231
5071
4976
4043
1871
447
4717
2693
3751
3872
3843
2620
4196
595
5012
2574
3069
1098
3903
43
1113
1806
3429
2135
3556
2784
4649
4430
2286
4923
3604
4960
4863
4436
2044
4498
4884
3073
3741
2278
3322
864
46
3585
493
169
4412
1574
908
3626
3426
3944
4862
4221
1900
1376
4374
325
1270
2018
4186
2346
2477
966
1414
606
4617
2869
3159
4038
3613
2284
3283
4073
4590
4220
1289
2972
757
2661
2842
1445
3693
3557
3502
1746
3145
4847
922
4086
3593
1035
1255
3231
1266
3705
3235
1148
4948
3466
1166
796
1863
886
1910
1488
1227
4515
3651
4091
1639
378
1589
4056
4227
4849
5191
1047
1207
4981
3178
4462
3005
230
0
1328
4871
3401
2908
588
1802
4532
888
1283
4744
1365
952
4463
443
2832
2653
4278
4561
4195
2031
1273
4106
2596
2665
33
3049
968
3347
1487
4127
4879
3309
3230
1511
3781
3445
3279
4500
303
2229
4187
1011
485
4835
821
3288
357
822
174
2007
1843
1962
132
4437
5176
4831
2900
13
4346
2670
983
2943
3579
4639
172
314
1180
3622
1429
4627
980
4007
3912
4814
1379
3858
1623
2008
4890
2609
3573
2590
3490
1033
3258
1974
4236
4511
1061
363
4185
2356
1188
4188
4079
3439
1848
4809
4356
1168
4959
1505
1712
299
3945
530
2550
1426
3224
150
2692
44
4387
4827
3059
4889
1298
121
1604
1992
3569
4072
4075
1076
4282
153
534
5059
4983
1873
2159
1235
1306
2061
3639
3633
277
2280
3877
747
4415
3030
3044
3857
4828
1115
3273
4689
1603
450
5049
3223
2486
4270
1691
3554
1125
4986
3488
1606
4450
5170
483
4954
4235
2282
4904
3470
626
3492
4781
4350
3302
1028
898
1662
4680
1944
4120
997
1503
2458
902
3704
3740
3560
900
4665
2248
312
4719
4408
4089
141
1945
1935
334
840
3814
4219
2179
2702
455
2122
4808
3759
2523
2373
3119
2129
4097
3737
1198
835
4737
1559
3520
133
380
5084
4014
1221
4428
4926
640
481
114
3765
300
4638
3215
4113
4513
778
4856
4553
792
1406
441
425
2358
4248
1977
343
1844
1041
1065
4118
4287
1929
3092
3764
4792
610
2673
1233
1675
3923
4254
567
2441
436
1497
1833
5125
2064
1364
178
565
4184
2412
51
3611
2883
881
4207
4997
5144
1339
1099
164
2735
4628
4785
671
631
2973
1990
1894
4163
1109
1680
2605
4422
3870
2217
4206
3962
2639
4100
1078
639
2103
4658
2366
3006
4338
1758
5028
2379
5108
4246
2073
970
4797
2585
3409
1980
3478
1748
3498
2168
3965
1374
4676
3065
4249
4938
3648
186
1682
2715
4516
1162
4748
942
259
3406
3664
2604
2058
1209
177
4876
1816
2510
2243
4637
1386
2427
4694
3542
548
1402
2887
4803
1421
2181
1399
4618
1594
4456
2804
1654
3428
3066
205
3067
4424
4003
1907
3709
761
1765
155
1203
126
2752
708
335
3329
2034
2940
1175
4002
5020
3056
2745
122
3372
2407
3079
2340
3669
3690
2020
3278
955
3404
1382
5099
1263
116
3582
771
2042
2621
4730
885
5185
2467
2411
1814
1053
1957
4364
4299
2796
471
350
3301
2636
1922
4320
138
1189
1538
1026
1252
647
5033
5066
311
4311
1640
4915
4205
3320
4094
2419
1664
1704
405
4482
419
4728
2287
2012
1668
2076
267
1475
2731
1075
4810
1100
1153
2830
3410
2694
1081
2038
228
2886
3475
1947
3374
679
234
738
3581
119
1246
3126
4359
4469
1671
3434
3537
956
1938
2683
1899
2097
4521
1951
2946
3928
688
4501
4614
2107
2761
4183
3257
383
680
474
3547
3891
190
4930
3831
2368
2057
4796
229
5032
3989
1363
3570
1666
3907
2258
3999
328
287
2126
4179
318
1468
3643
3086
2147
331
1950
709
4314
1965
2994
4551
807
1952
4276
767
4724
4331
1569
1245
935
188
3058
1430
2092
4362
2361
645
1482
2043
1051
50
3390
5165
1039
2827
4379
2493
2051
1425
2998
1823
1000
3485
2997
3727
1784
4570
1737
798
1982
4673
5022
222
4571
3229
4107
2363
4844
674
2625
17
1591
4566
628
2485
2581
2397
2645
1229
3674
3656
2555
2526
327
1547
2805
756
3966
3474
3357
1333
52
1161
2782
1764
1435
424
3380
2989
1955
5159
4509
851
4471
2391
2701
118
3383
562
1392
5007
5147
4789
753
3568
1327
842
5017
4481
3396
3697
5175
930
3975
2957
1348
1779
509
1906
2418
4473
612
210
2436
3093
795
220
4909
1321
1688
2312
1093
4778
1916
4713
143
660
3131
1378
1722
1294
637
1024
2848
2298
3323
4438
4054
3531
3150
2711
938
214
1230
3189
694
465
3509
2338
2937
495
1292
1959
1855
292
4587
1774
3658
2133
3135
395
542
4478
437
2152
2912
1968
2462
4755
2062
12
4035
3778
4318
2722
3342
4632
2184
4782
1940
928
4771
4448
2853
581
909
906
3415
4952
1785
670
2627
3887
1023
1913
594
4703
4991
2195
566
1989
3815
3758
3420
4892
1638
3801
2484
2838
3350
218
2481
4966
5039
77
2698
1789
806
1054
550
2226
1311
2410
2938
4787
593
1031
1560
3812
3405
4289
3200
2749
1055
1251
4164
4011
4503
776
3906
849
1752
2290
5123
2261
1449
3114
31
5183
946
2816
5040
3603
