3204
3857
3900
3611
2652
2095
1740
1448
3173
3865
632
3683
2610
2711
735
3017
3429
2499
1459
4665
3407
5085
2023
3477
4000
766
1842
4198
1620
151
1488
3705
3756
4355
757
629
3301
3668
359
5071
4073
2051
3989
2550
5091
5050
330
2018
4326
802
1340
2506
3650
2527
293
1408
4739
4781
3743
3432
2300
1830
3412
5180
4188
3676
2639
3270
3543
2341
3133
3741
1572
1160
81
2229
2701
855
388
5033
3420
664
923
2573
3790
1883
1302
543
1670
1716
3699
177
3194
3850
722
1719
1282
2939
1858
3157
500
3406
53
1429
2434
4005
4740
2616
3115
3467
2102
1909
256
872
4783
1982
3517
4755
4341
1048
2617
3561
4948
4405
1565
2193
800
4358
856
4314
1310
1541
2721
4443
4912
4652
4015
5193
4511
777
3347
2941
1030
1315
639
3125
4979
767
155
1942
2320
341
3112
63
4975
4837
4382
3585
4138
3671
3082
1303
3234
3191
3426
4988
4591
4825
4522
868
3904
3597
1644
5065
1122
2778
4959
5132
5169
4432
4201
3980
2246
5154
822
1847
5182
3531
3859
1317
4908
1099
3144
4859
673
3143
3812
780
3821
991
643
3216
3424
3418
783
514
4539
3964
1251
2222
1056
3461
3564
2479
2644
4327
308
4359
955
1337
1743
3150
2142
5178
3544
4230
70
4836
1008
2364
4431
1358
930
2691
2010
2831
38
309
1385
1014
242
4998
4871
4152
2768
594
3675
5165
4185
2862
2535
1088
4294
2488
3950
3100
1736
3455
3096
140
1761
4278
1079
4102
4642
3916
3670
1535
2730
4747
4861
4814
2227
3439
5056
963
580
4542
2163
3271
3102
2323
4118
3760
4022
3050
5028
3266
1427
1580
3278
1602
2501
2706
2918
2
2727
1322
1280
688
1977
1248
2159
1410
4264
3138
4057
4108
3715
3340
2654
974
1281
436
2608
1092
4578
1288
452
4225
3208
2666
4670
759
3603
3329
1733
3261
1975
1276
961
4615
1538
4244
5137
1528
5114
2075
4179
964
4457
3939
2189
1006
3947
1756
2133
852
1784
2324
4236
3279
5120
1221
4364
3053
3134
678
3187
2604
2441
1126
775
1585
4576
3696
3039
368
466
3066
634
3446
4691
3927
243
4210
4245
4621
1818
4924
2745
1965
5117
601
1489
115
2437
217
244
765
233
2657
2154
4402
752
3346
239
943
3773
5200
2813
4293
503
5016
1341
116
4676
1140
1814
2127
1717
1425
3471
542
4869
3392
2926
397
2924
450
2896
3521
2606
3632
3206
3861
333
1896
4295
2247
3233
2140
1900
1918
5047
1124
3506
3331
4795
2725
2305
4253
3262
2317
2555
2440
3744
5164
898
5188
3054
1952
2636
440
1886
476
3757
2698
393
1927
680
3289
3797
3357
1505
3901
3610
5084
858
2083
2955
4627
3752
301
234
4692
262
2970
2829
2897
98
3843
3613
529
2462
3874
3015
1760
2567
3617
1688
4517
3343
2064
3849
3273
3943
2601
2423
4499
505
790
676
5074
549
3230
4682
3674
2942
1557
2332
4453
3569
4365
871
4172
1853
376
1913
4544
5110
4479
3931
521
2978
3463
4081
1155
1095
2425
4170
1404
5187
1417
941
2039
4419
3875
2306
1137
3767
3048
4174
1878
3227
497
4068
160
3723
1389
2232
1115
808
905
4060
215
387
4001
901
3155
372
3330
1516
1672
3941
4187
3120
3660
1709
3823
3431
3983
1293
684
3140
614
464
4547
3460
2008
84
2910
1554
4967
2310
2005
4637
3483
3953
3722
4348
5030
3326
1319
4716
3341
4051
3862
2756
494
1501
1031
3281
1512
4521
4902
4883
1612
3974
3111
1894
2470
3381
4438
3151
2294
723
1921
5014
677
681
1178
179
3653
1237
2057
4497
703
885
1996
104
3108
4267
3666
857
1517
4922
4796
4136
2656
3338
1935
3484
1450
1549
893
3739
4333
1039
4540
654
2034
3806
4568
1105
1530
2248
2566
4216
400
3221
5061
3667
1244
1449
2450
3437
59
1134
52
4897
3602
4490
577
2379
2672
2590
4930
975
3523
1351
1815
2945
3685
2080
3009
4297
2202
1063
267
938
3704
3932
4147
3375
3612
4279
2418
3058
1786
3354
5086
697
1411
3243
468
3803
4492
1324
764
4335
3400
2244
570
2904
937
718
2493
4053
2986
5176
597
3049
249
4142
3485
1642
890
1521
5109
1851
3305
4974
1208
3625
737
535
1776
2265
1453
3579
2165
2393
3308
5141
994
2557
2667
4613
562
1046
120
5039
1849
1495
2626
1589
3935
142
3630
2017
1855
1332
4658
5171
1372
2696
4700
4280
520
4777
4980
3758
2618
976
1047
1336
2233
2894
5121
2118
78
2747
3809
4805
2074
2138
3695
1568
4046
4177
4996
4461
2683
454
4079
169
283
3425
1613
380
263
2780
145
481
4456
3382
173
5070
88
1929
4735
2916
320
1698
40
1908
599
2843
5159
144
39
769
4056
4860
3808
2764
2048
3598
4644
4077
3451
1103
2714
876
42
2726
2602
371
431
2562
4125
834
5100
4093
5098
2605
1212
2847
5163
3393
4606
3043
344
2213
4769
3217
1862
3196
4681
1084
1978
3933
2156
2388
2824
1955
3580
1772
2203
3870
85
4330
4428
3994
2279
4629
3909
2195
25
2113
2673
4159
5151
4506
5167
1504
853
1939
3679
3118
773
3008
3127
417
2723
4121
2486
3811
4572
4650
386
2043
1307
5080
4752
2861
860
1889
1016
2173
4756
218
4171
569
3805
4955
782
2738
238
2149
902
3828
2870
3599
1125
2675
1480
3210
3810
4533
4541
4809
4828
1795
3176
3652
3725
180
4571
2949
3945
3031
2570
4371
828
1456
1700
4675
1167
3986
282
4831
915
4437
4302
3055
3386
692
665
4611
4331
3379
5115
266
713
195
3238
43
1054
579
5111
538
4946
1614
1414
4530
3952
1342
3283
3085
4653
567
162
1640
272
2815
2994
881
1190
5000
1262
1669
663
1334
4085
137
2266
2465
2367
1338
1311
1192
3584
365
4937
4407
4248
4220
3883
4509
525
2374
2736
4518
1555
3072
2923
2090
3198
2737
3136
16
2421
1828
136
3645
3946
4727
305
1739
910
550
4235
1901
1162
3322
4155
4476
3132
4778
2892
2081
1498
1289
2895
2014
1033
2255
1638
739
4043
124
3546
4251
911
346
2352
2734
4228
2329
1789
600
5053
149
1062
2135
5005
3548
4366
3195
3051
3135
1240
4870
4947
1893
317
1903
3838
1974
4482
1682
843
4040
4385
1562
2589
2902
1328
1832
485
4607
523
3742
984
4396
604
4045
4383
1593
1181
513
3588
2665
4867
5089
907
4824
138
5128
2120
4369
3396
515
1511
183
167
4195
3497
1923
2466
1390
1571
3024
1074
469
1890
2238
1762
4169
1043
3450
3293
2072
4474
4713
3201
1136
5148
541
3527
5051
3789
544
686
4733
3541
336
5198
2668
5131
1509
1805
2792
4284
1817
4391
651
3457
3033
2258
2026
583
4134
325
2003
912
1766
4851
1663
3890
1552
2877
880
4561
700
1592
4952
3891
2350
2297
5034
1080
4503
2820
3706
1266
4978
3257
3364
4011
2663
4645
3990
241
3555
561
968
3651
5020
2823
1723
1574
1098
1611
2886
5175
3801
2104
456
1246
749
1454
1091
2500
4590
4422
4204
4527
4605
164
258
4562
4791
4206
3019
4158
4882
4308
1069
4853
80
4298
1231
704
3062
4583
2124
3021
3222
3778
3333
175
4055
592
2330
5
4581
4052
125
4906
2261
2082
299
4455
1468
5107
467
2463
851
369
564
3366
2004
2469
202
2357
2067
4287
2938
1368
2630
1651
4915
2284
1051
983
3750
2731
4820
2770
3030
1139
1250
842
1738
2505
2954
1037
2984
4655
2981
2855
4917
3710
660
3681
3153
4575
1727
2523
2746
4320
340
917
2568
3292
2347
1233
4633
3918
1751
3503
1395
3646
4489
1683
394
4647
4029
750
2322
4127
4990
2108
4196
4113
3242
1243
4932
2729
2282
755
4416
2846
35
3442
2287
28
3304
609
1469
146
4872
5146
4699
2091
4160
1628
4064
2733
252
1680
5186
3914
981
5126
3023
3472
4037
3566
612
348
56
4775
3707
4477
2041
3796
1038
4526
2622
4393
3410
2276
1114
2239
4949
1983
1305
10
2598
425
2087
1232
4486
1011
705
2411
1603
1218
3792
4683
2271
4409
4389
49
2177
2141
4146
3378
5067
4594
426
1474
245
3912
4288
4207
356
5040
4656
14
3170
4892
172
4592
1347
4123
2471
1513
3873
2965
112
1373
224
5010
1995
247
2643
1359
90
3041
3264
318
4423
4973
758
65
3726
4936
2718
3287
2153
1768
1297
3600
2833
1686
2784
1259
4515
2531
4415
4617
1111
5127
3727
3493
1934
548
2504
152
3853
2428
2515
2670
4190
1403
3223
5139
2114
803
3225
1356
2453
3831
2476
4714
519
1377
1950
4212
1058
2319
1515
2849
4467
4176
1131
2101
637
2009
2517
3981
2376
403
1956
3638
2346
4875
3433
1191
1879
1066
1796
2607
844
3897
3447
2152
2944
1290
4968
1463
1960
729
795
1102
3905
934
3188
2704
2642
1634
3830
2817
2534
213
1590
1166
2963
2487
2210
1595
1118
1496
1904
3845
4452
2563
1093
5119
1971
2928
1492
3631
1745
2451
3786
4802
3154
3678
4028
4635
4943
74
3028
882
4464
4105
647
4840
4143
3712
3080
2169
277
1837
3475
3029
618
2422
2628
3895
1691
287
383
2565
331
825
999
3414
1543
4535
2952
3908
1569
2594
1272
410
250
2036
2206
4532
3390
5036
4741
1173
3669
163
2901
1667
1001
1224
4569
3615
3893
3965
332
848
1077
522
1383
316
4817
1750
5057
2416
4723
295
4025
2178
4921
260
526
3496
1854
2145
2645
3166
1665
2308
4010
1657
653
1460
2743
1113
3902
5077
2752
248
1598
4082
3466
4290
3835
698
361
2281
1764
1222
537
3037
3827
312
3277
2522
3435
3359
4923
2293
1694
2996
712
1186
4247
4090
337
1938
3886
3973
1653
4722
719
166
4141
453
1767
1500
4175
4717
4982
3885
3647
5093
1924
2748
1168
1025
3525
1887
1677
4508
4557
5068
3487
1529
4602
3923
1041
2564
4008
75
3441
1888
2400
1194
921
1986
3708
2216
4312
2868
3212
2473
4595
3276
404
4498
3984
4104
4260
4002
4698
1094
2059
929
4884
5113
4779
2707
2022
3903
1544
2055
5059
5096
1506
2335
5155
3505
1409
3581
650
1715
625
1987
2267
2215
278
2205
4803
4646
2699
280
1367
1992
4162
3086
3360
3498
2447
628
447
2313
2025
4386
2690
1988
657
1902
2132
498
4120
3074
3639
2407
2596
57
778
3911
2254
4780
4168
1905
4864
2094
4478
865
1859
3200
2405
854
3596
3171
4151
4164
1802
1364
2674
3116
3622
4117
4306
5150
1970
4873
4725
197
1964
969
2459
998
4184
4905
540
3269
4277
4316
3511
2765
1380
1641
1870
557
2394
1436
2137
987
5172
2110
3131
908
4491
725
2830
1478
3013
3258
3971
4525
6
3319
211
4132
4451
1885
884
1254
3934
327
3458
2460
4430
2404
4131
2871
2634
2876
3060
3764
2478
4976
3563
4286
2967
375
4254
774
1864
810
1184
1064
895
3107
3716
2757
1664
373
1748
4519
4754
311
3643
4593
3095
3554
2321
139
4821
4757
2974
3169
1145
1919
771
3416
2013
2129
4033
3779
298
1797
3568
1352
819
4748
122
1402
727
2578
4991
2980
2948
1391
1287
781
158
60
4531
3004
2000
5045
3174
3860
2454
4761
2934
1375
66
4237
4846
3636
2646
805
1606
484
3350
395
1730
4240
3813
3898
4674
3583
4213
826
4850
2755
2720
5136
1660
3265
1916
511
1362
3840
4399
4069
4193
1300
1394
4688
2946
1070
2536
471
3573
3476
5035
4484
4072
2533
1714
748
1771
4695
3510
4066
1825
1325
4356
4035
606
54
3781
459
4149
487
4050
589
3081
1522
2638
928
2569
3516
1415
2615
770
93
1627
3164
2502
3285
5083
839
806
4468
103
3160
528
3709
2435
4363
786
3677
2278
4379
4784
1588
457
429
3595
582
1416
1936
1906
3465
5118
2791
3105
966
965
1548
174
4710
100
4766
5021
83
3352
1457
3014
3745
214
1060
55
3070
2930
281
3738
3680
2922
4679
3255
4815
1042
4842
1763
730
3992
3052
5116
2245
4696
444
2262
3800
2559
22
701
1729
3231
3924
71
4218
3524
4960
4445
1707
2031
279
4940
4672
1933
1752
1775
3005
879
1132
2030
1059
4390
3064
4340
1483
219
1431
4963
3604
1999
5090
616
1090
4895
2853
1227
3977
3083
2640
532
4719
4543
223
3246
3003
2006
940
4401
4886
3218
4737
2599
547
4934
1550
4958
1703
1968
4787
210
1631
2007
4099
4038
4242
4928
3383
3640
3842
709
4441
3732
4898
4689
439
362
421
2472
2543
4789
3038
3512
1967
350
4659
793
5054
4219
572
1331
1245
119
3733
76
1044
1566
2224
1788
2496
1452
302
92
2998
2311
4589
3834
3088
276
1085
5160
4570
399
1193
1271
4941
1435
4577
3323
2336
2264
1531
402
3090
3826
2033
5123
3532
3349
4800
106
3502
4774
3957
2693
1230
3565
1050
3930
1376
3549
4687
3449
1615
2498
4469
2582
5185
4039
1180
1742
1076
2908
1782
1991
3036
209
4558
1608
4199
2724
610
4124
1146
2951
574
3168
2399
2800
2105
3335
1623
1943
3007
79
2171
3391
3769
1699
4433
4334
3209
4553
4495
4721
1475
4573
3244
3282
2414
906
1487
1279
1301
434
3260
3061
1692
3996
971
4392
631
4731
4877
1581
4321
4537
1067
1702
2212
4233
1269
4374
1316
1277
585
3949
30
449
3736
4304
2524
4770
1154
2494
1563
1674
4758
4622
3655
4226
607
4639
3991
720
2162
2760
345
4329
2906
3020
1357
1666
3775
2492
4322
1068
1652
4100
2719
788
430
3772
1446
4257
3627
1917
1026
2475
300
2338
4342
3759
5042
1697
2529
1117
4197
4801
4496
3489
1019
2121
4742
1624
11
2786
1582
2461
4765
2779
995
4661
5019
1600
2708
4954
2187
2858
1741
4299
2810
2489
4096
1028
840
4459
1273
2827
4203
114
4832
3252
3139
2299
3122
1856
2742
533
228
3915
143
2872
4148
3162
370
4764
2864
899
3816
201
5099
3832
3182
3091
4074
4091
3798
1928
4880
4874
3962
7
1234
1725
4649
4449
5161
4580
401
2449
682
1306
3692
3522
3540
2655
1534
1937
1247
3256
148
615
4406
2148
4101
3178
2069
1944
4265
482
3624
4903
1576
1348
2174
1619
2664
1811
3802
2199
4291
2209
165
743
2977
2241
4919
970
4643
2528
4574
2884
406
2397
624
4258
3936
1610
3401
502
1213
3022
3966
2660
4041
3508
1794
1147
1899
2413
1421
512
4442
329
1353
2443
3847
837
584
2395
4325
324
2337
1820
5147
4092
1135
3761
3035
159
3313
