5178
2231
130
92
2166
1685
3662
1472
2280
516
4742
576
4521
1340
1570
1929
2684
1257
726
4862
4367
405
153
1863
2408
642
4743
3192
1596
2693
746
1752
2982
4085
4568
4551
2823
2904
1301
2061
1188
4137
2441
1135
3456
1880
5089
2366
4217
4356
4149
2135
1962
2800
3519
4702
1975
3651
3992
1426
5056
2189
1362
3644
3810
5103
4681
4066
3191
471
3007
727
357
3369
876
4246
1967
1645
4148
3149
2934
193
4790
819
1146
2082
5176
908
4102
3700
4693
4856
3042
77
4035
3320
2362
2709
4901
5065
705
4659
44
4104
1176
4398
4788
3190
4774
4670
2333
68
194
4786
750
297
5046
3615
2690
4805
4200
3364
1728
3482
2412
2680
911
396
1405
755
4744
1790
5134
2553
4695
995
1241
1757
4520
1319
2193
2266
875
4925
3473
1548
3736
4601
4039
3829
2138
293
5034
2482
1806
4410
3479
1905
3879
787
3883
1926
4311
904
4235
3421
3423
2910
4059
4371
4341
3136
2010
4677
894
4007
5161
4598
1829
2723
3515
1849
4719
637
1572
1869
1611
5172
965
1493
1314
4730
4654
1675
2114
4189
590
1195
2443
1602
1947
414
4754
5071
479
2940
2840
399
4320
1252
1521
3039
815
1650
5028
3725
2102
3742
3520
102
4196
1724
2655
1561
305
4469
1799
4844
5060
3795
2086
1671
1483
1375
4323
4319
4640
2868
4690
2755
4780
4982
2785
3685
4160
2017
3839
1696
1817
959
3195
386
2473
4452
4980
3785
546
3401
3633
802
3649
1889
711
184
568
1045
4763
2388
14
1738
5131
3225
1877
824
2596
4001
5124
2544
2803
3375
320
1512
2241
5067
622
2622
2104
436
2936
3517
4766
3412
1215
2340
663
806
2063
2657
3667
2545
4266
2391
3996
609
2943
2485
4335
2830
1952
2524
129
3654
4590
4501
105
3869
1382
653
1124
4829
4242
1000
401
4418
2410
4009
1868
4255
4115
1181
1424
4390
3244
5141
3634
1400
2364
1605
2770
3296
923
1456
4342
3028
1355
1629
1918
1170
3048
1057
3524
4198
3601
2291
4867
3971
3449
1871
2332
537
1008
3242
2043
2095
311
2074
2490
37
1082
3754
3379
1556
4728
4604
4623
3374
2595
4000
2313
1022
2451
2294
1815
3683
257
3203
4206
1524
2510
2668
1331
2409
2057
3185
3264
2070
299
4061
1191
3764
4465
2048
5031
80
5122
3155
2001
5164
3512
790
4094
3913
3978
4368
2806
1448
4586
4503
2407
1365
704
4655
2327
749
2849
3105
4028
3610
1131
324
753
1369
4387
4765
4437
5006
5133
1278
2880
3609
796
2159
2591
3414
1634
2285
4010
3538
2449
2727
1961
4907
818
2673
906
3628
3811
1606
2329
3280
4954
2395
4979
1694
1910
4065
2433
1819
3956
4646
4181
485
2195
3828
3777
2523
2899
4291
1157
1414
200
2465
1494
4288
1102
522
5116
4676
139
4015
5075
4630
4504
4227
3710
3587
264
2509
2116
4292
1795
1155
1006
2629
3617
3687
4787
2374
5160
2752
3639
3437
59
3984
244
5142
4758
4772
3471
1531
1184
4853
4993
4024
1128
2983
2182
263
1048
958
898
1462
1280
4510
1129
1263
163
2018
2486
3813
20
1574
976
3510
4724
3831
3469
2143
4012
527
2105
1807
4002
817
3618
3073
4507
868
1861
3390
5099
3969
4795
3833
4431
3632
4688
1070
3787
3990
2379
735
2032
323
901
2497
871
3305
4802
3113
4714
3063
2747
4635
4573
2083
2781
1480
2903
3848
5115
2565
1211
5
716
172
3095
2856
1111
2110
3719
3680
3189
3950
2130
2603
983
656
4855
4407
2474
4343
3497
2092
5024
521
239
4817
303
530
544
4890
1385
1411
4637
4562
4991
3603
2556
3730
592
3030
2033
731
1404
2532
2179
4462
4301
2559
940
2945
3342
4461
2411
1522
712
3861
446
1234
4439
2226
2437
5014
1719
1940
2796
713
2857
2076
3303
4088
2321
532
748
3424
2335
2664
4394
3653
4406
3142
5156
3806
3464
415
2695
4197
4956
2401
2758
4135
4082
3732
3468
1649
3204
4176
4113
2403
1216
457
3340
586
1803
1206
4970
1450
4303
3666
830
2421
2040
2279
4753
3422
3166
560
2200
3748
682
46
4290
4697
518
547
1891
2336
5055
4147
3532
3243
277
650
3226
3294
3655
4960
3514
2064
698
25
279
5092
3221
870
799
1955
2583
3311
2609
4110
1260
3928
3727
3994
3927
4234
4305
925
854
4296
4355
3621
101
1562
4175
2463
1580
3144
3999
1933
1558
369
3124
1706
4058
1816
1533
654
1801
3394
4300
1468
4544
2215
3536
3908
292
1759
1231
254
1343
4451
3247
6
738
3526
4483
1566
2526
3295
2564
4580
4865
12
41
4546
3711
4349
2170
5155
3804
4494
2417
4408
4878
979
2729
644
2173
3775
2716
511
1189
1643
1793
1506
1648
2014
934
3398
701
3207
572
3406
3179
4553
2240
4888
2158
2569
822
2665
3836
1527
937
5095
4293
3559
2006
2353
1444
1420
4389
1773
458
5019
5189
4204
3383
2637
3081
1486
4539
4873
2547
4602
2718
4432
3588
2272
4099
4245
4419
1731
2795
4691
1786
5013
313
4129
4550
1173
1740
3175
4912
3645
3501
1833
348
1808
4216
167
4629
3279
1021
583
2562
4040
3470
4297
504
4528
1666
2322
231
1883
2590
2973
2459
477
3314
1127
611
2790
739
2145
157
4502
24
4752
1039
944
1604
1020
2096
17
3351
2467
899
3759
195
1471
317
165
3922
228
1989
2157
1320
3606
1255
1792
4603
2754
1324
2349
4393
1199
680
1747
1554
1495
4821
4179
3724
2434
1115
3156
3691
3135
1402
268
1835
2418
571
3702
4996
2618
3417
1823
638
3126
4549
3674
2555
3284
1395
4869
1161
4213
3943
4785
1920
2129
1144
707
64
483
4042
4014
1311
1935
4056
702
4682
3114
160
2761
1764
127
4109
259
1446
1669
3348
4051
5107
835
2298
1123
5090
4859
1459
859
1831
957
892
2125
3722
4739
4692
3067
5148
2875
1266
4718
657
1768
1907
385
4870
2828
608
192
1246
1273
1290
3141
4375
3581
3164
5074
4974
5001
5042
76
289
199
767
334
1427
3145
3102
2659
3323
1262
1593
441
524
4467
3257
465
2027
1610
649
4889
3499
3098
1714
2521
3080
3020
3659
128
4369
2009
1153
836
3646
2773
808
5144
3441
4959
3428
2462
4345
2883
2894
5096
4151
1388
4168
3333
1212
1796
1232
4927
1227
539
2951
15
2687
542
4825
747
3312
4745
3202
2671
3361
4880
124
3484
2011
4241
1133
4480
2658
451
909
993
2492
2516
4704
3847
1659
1964
4707
2115
3953
2797
5147
3523
2260
4093
2813
120
3590
1987
3022
2722
22
634
2236
2050
2764
502
1013
61
5073
3400
2881
3304
2078
26
2967
4850
3259
5186
784
3358
2662
4734
2519
158
2107
4144
3496
4519
3802
304
2804
4499
2042
2498
1622
1813
2979
2635
891
2088
5169
3211
2985
1055
4060
1934
604
1207
3041
3363
5108
1269
1171
3046
1814
3989
2262
4013
3721
4899
5035
4703
5032
4125
828
4090
1661
759
404
1482
3541
1691
377
685
2829
360
3663
939
1734
4597
1318
1335
2838
3579
2326
1366
1954
4944
1902
3827
4574
1201
581
4433
4223
2594
1436
4420
2275
2801
3001
3003
2714
935
1321
4202
4727
1539
4484
3500
4496
1187
2162
1751
4885
2355
4220
3418
1152
2448
363
889
118
1703
3270
1658
3652
4064
805
3886
4075
1408
565
3641
4034
575
3370
4518
744
4747
4645
417
1901
4722
2929
4411
2802
4935
1745
672
874
955
146
327
4154
3068
2068
1670
2172
773
5121
3277
4622
941
4279
1956
4639
4025
1432
2511
807
1310
329
918
2
4906
3218
1603
1410
1221
2062
3109
5070
2807
1202
4146
2235
785
4832
1665
290
155
1259
1251
3577
1941
4808
5079
4207
421
5038
2371
816
3841
2546
2256
2745
482
3887
3249
3385
3368
1001
481
2292
2216
2270
715
2995
1591
3844
4657
733
1960
1608
2989
4583
2815
1160
1381
5157
4428
1109
566
1641
316
177
3072
4749
1536
2383
4295
364
2404
3200
2206
1423
272
3435
632
2455
3432
2667
3694
4008
2750
4466
113
4796
1946
2438
2413
1957
1337
2613
2113
4578
4228
1065
4768
1544
687
1618
1791
9
4212
308
398
1339
4243
464
4807
1009
346
846
2464
1015
3349
4641
1093
1336
104
81
3660
4892
1710
3405
3230
3893
3570
4167
1711
2599
1938
1265
2534
4748
4493
4430
2732
4969
3895
4131
4812
3812
3698
2582
3753
2739
797
1761
3286
3354
1976
2488
3942
1824
5173
4699
1674
1999
4843
3253
3594
587
4588
3798
987
217
2117
3967
2038
3241
4261
287
2385
3988
669
1528
474
1075
1288
1630
2608
1164
2827
2295
4424
1058
1628
267
5054
150
2672
84
1513
2154
2906
3477
4631
4415
5098
2136
2946
1200
1214
2305
563
4887
4435
3334
3929
2244
710
236
381
3121
3053
2271
1984
3712
5196
1854
3475
1464
4811
402
4589
520
2566
3309
214
2489
4616
2045
2155
1100
4275
4643
2478
3516
869
2171
1090
2957
2896
1250
3458
1484
3250
4276
4668
85
722
1698
4764
2359
3327
4263
813
4331
997
3760
3332
4547
2030
5064
1461
3196
2304
1349
3769
2339
4800
380
920
134
3789
3874
1083
335
1455
1646
67
4587
4101
3454
2962
4801
2212
5011
4043
1979
1892
117
3911
1848
179
5012
2897
5027
55
3356
3016
4445
2742
4377
5085
4884
751
4029
667
2450
872
4373
473
4665
460
3371
1174
1069
699
3268
3656
2913
3220
3768
3565
1307
3906
3975
1023
1958
3816
1784
3853
1028
4723
2227
2674
776
3793
1112
2736
2454
1966
3947
3386
1812
2628
1678
4909
4585
2430
1458
2283
3926
2975
780
71
2818
4542
2782
2201
4976
1597
2079
284
1236
2204
2101
1043
3530
1284
2223
242
1433
2007
2273
1142
3024
1886
226
4658
877
4618
1552
3094
757
3476
4858
493
774
3706
3229
1563
2711
577
4879
2950
4827
3842
2586
1148
2719
3991
5078
1208
709
4178
2678
5037
4557
171
3275
1033
3088
2224
1230
2888
3925
1721
2916
2347
4921
4334
4338
3146
4185
3110
1971
786
3619
39
164
3941
2949
1267
3436
2730
2137
4915
730
1346
3715
506
5162
2299
887
3380
948
3771
1496
3574
2919
390
1151
349
58
4685
1726
4989
614
1092
900
2161
5033
1753
2859
2933
2539
1122
161
1821
3946
361
4679
2471
1401
2341
4953
16
2922
2041
554
4672
45
1766
953
418
1917
229
3679
966
1888
5086
1348
143
3240
4269
3533
4761
4940
3884
2861
4973
2669
4344
1781
1117
3044
3438
4219
2435
2108
3035
4386
3592
1588
2121
1377
3995
3537
4972
4920
4929
1667
3968
4030
3273
1844
2054
2219
3330
4079
2191
762
3751
2798
4134
3604
4294
1857
4162
4617
984
1584
513
3557
2211
2588
1223
4180
1779
921
1736
4908
1663
3399
3756
4750
4224
3767
724
2289
4572
999
3091
1120
1235
897
1035
1447
2234
1097
4663
943
156
3459
792
4576
3774
2356
1652
1555
1024
4715
3794
1530
5139
3281
764
760
3525
2505
4934
501
4404
2844
1625
2834
4696
2826
613
725
3697
4423
4797
78
3199
5104
4687
1282
2905
3542
912
1277
1172
2365
833
3127
5059
1281
3108
4161
3288
4087
1775
2708
152
3616
3944
182
1333
4680
2186
5005
1762
166
5126
2031
2760
3419
3433
1842
282
3151
132
907
4720
475
5018
1537
3576
4412
4942
4995
43
2647
3263
4599
330
1774
551
2345
1373
2954
4505
3643
1407
4004
3326
3133
2772
2921
427
4372
606
3647
1091
4006
3868
2307
3726
2568
1797
2187
3733
839
627
5140
489
2816
2112
2941
4038
375
2228
3602
4662
2034
4128
580
383
1712
2477
3851
1560
905
2768
4170
3782
3923
741
1993
588
211
4866
3681
2536
3564
3689
2812
4831
3165
2376
655
5195
645
3172
1323
116
3864
246
928
2842
3729
3266
4577
2348
3900
938
1108
3591
1587
3781
2097
27
4105
4961
5168
1519
440
2794
3103
1532
3049
841
2882
660
96
4272
314
2350
1081
2436
4751
2811
2128
3582
4330
3959
720
1739
2423
280
1261
1316
3867
2406
1304
3181
2925
2059
498
5062
3866
1193
1607
3407
514
624
4280
3535
3378
5044
2808
2666
775
178
1586
2132
2748
878
3224
1878
389
1914
1451
478
2253
3239
1598
3797
3350
300
3741
1682
2997
2276
2956
2150
4875
2837
1887
853
2503
4532
3183
2853
4698
3916
820
988
4633
1974
1098
3981
4491
4595
5082
4492
3173
2238
4403
2715
2220
3201
4666
431
2601
882
4312
674
4782
2901
490
505
4226
2493
2123
2701
355
1944
1924
1062
1651
3580
4554
561
1991
175
1005
4282
309
435
3799
1159
1442
617
3728
2308
2314
3837
1981
1988
3119
633
2675
3567
2620
5149
1389
142
4062
1498
1413
3357
1327
2148
2691
4364
3723
2767
3321
3563
4397
1692
865
1959
266
2839
573
2965
978
1985
1735
2024
1239
4552
3021
3704
210
1361
4667
2021
3187
449
4478
2845
4949
3413
1364
2293
3888
468
3823
1050
2232
1079
4165
23
1858
3120
2396
2783
1121
3069
4819
1130
831
1137
1677
2495
1053
1834
4383
1778
4
4310
270
2786
3807
3420
4700
3450
675
2274
234
2259
4365
1443
2717
1837
1396
21
752
1298
2384
1
1672
5136
4962
903
3163
4710
3938
496
3404
1088
2633
400
549
4332
205
4321
793
3779
4946
3019
1594
536
1515
1564
914
1425
2778
4891
283
3447
930
1565
1540
980
4999
3589
3416
768
3210
3452
428
260
3011
275
3575
125
3362
4823
1911
1660
4513
3958
834
4794
2907
3272
5072
2724
4472
1679
3038
4370
851
509
3387
2824
826
2996
2002
1683
523
147
2792
1034
476
3451
5183
2502
5077
4861
3964
1568
3158
4675
2452
1294
1616
1478
1167
4560
203
2073
4740
4199
180
1056
1996
620
4328
4238
1399
4100
2884
641
4755
2370
3339
5043
3935
4913
2777
1490
4625
1492
1032
4268
1086
227
3849
3885
1308
4705
3657
1434
4395
1209
5135
4833
1770
3612
4353
3054
3987
3440
4721
4538
1777
5181
5159
1919
2106
4955
95
1040
734
4900
4767
1105
2357
190
1707
1248
1690
3838
1387
1026
658
2472
2923
4057
4886
4997
1453
3840
3791
34
437
652
4779
4998
1106
4773
3682
2196
1636
4860
201
4150
4474
2444
700
4193
1517
664
3267
1466
4874
30
2491
2900
3963
2958
548
849
1360
2250
5127
450
782
3462
1095
2879
3962
692
4783
4426
1978
3143
4326
3573
3692
3529
