67
1253
5153
2519
5067
3387
2562
3158
2248
1944
2935
1673
3658
2084
804
2577
1973
4429
451
1437
3645
361
1544
4056
4420
2459
4970
1123
2066
705
2498
1204
3267
2379
4686
2799
2530
4642
443
616
4091
3233
517
1812
2325
4405
3506
4626
1324
2775
2205
2154
1838
1748
4061
900
3372
2709
3307
2005
2740
2078
3384
2100
2685
3104
3167
2426
3587
2338
4931
1101
18
414
865
1312
3229
4696
4068
5127
4813
303
1039
2804
562
3379
1465
4684
4628
756
36
2204
3973
378
3933
788
573
2914
4373
145
4233
1553
1316
4211
272
4374
4151
1489
2269
3204
1740
4694
4314
1610
1453
3618
3049
4610
943
2523
1420
430
1567
3246
1987
1408
3375
2468
65
1367
871
2206
3222
1711
2915
96
3268
4264
1738
2447
2323
1379
1397
2203
2572
3606
1019
5078
2807
1956
4140
4501
5177
1431
3939
904
1369
1883
2647
4220
3403
962
3903
1315
1171
151
2543
4870
3032
1221
600
4631
3288
2631
78
3761
2449
4130
4564
3977
822
3817
4103
104
2495
3988
3992
440
1998
3388
1943
1052
776
3449
3261
1134
3689
1538
4643
2532
297
3257
3100
4550
511
4409
1966
2271
2937
3896
218
412
758
2371
119
1373
3077
2284
5179
1926
4552
391
1152
3836
5181
3423
3691
3016
2535
841
47
685
1148
1133
708
3875
3700
284
257
5147
1865
4039
3170
1718
2332
452
1663
1491
2001
2097
224
3507
597
2866
3060
3863
4835
847
2485
3129
2591
769
5097
1850
1298
1772
1953
2792
4589
3047
2366
3354
352
2496
3660
3090
1617
1034
4207
648
4114
1404
2628
1706
939
3026
2296
4526
471
1710
4384
3995
5055
2986
1660
4302
2339
3732
4582
2244
1050
2164
2880
4777
4357
4873
2095
3291
2618
3664
1918
966
1223
1814
4618
1582
459
1490
4775
2988
418
1167
671
4260
2548
1071
2974
2791
919
766
1308
3123
2552
2418
4192
609
3603
4055
4594
1074
2335
4555
479
3134
2012
538
1753
282
2172
4360
1707
2851
5056
1652
2848
5095
3199
1678
4377
1836
3280
887
2903
649
2414
4307
2308
3226
2253
2731
342
1075
4093
2991
4175
2199
721
2398
209
2707
4900
1214
410
952
5074
4072
3964
1463
259
2136
5027
4930
1844
2961
5058
2501
3251
2619
4332
1795
1829
1779
4158
4101
305
1668
3489
5178
2056
229
4120
1311
1666
93
2780
3208
2282
2600
4527
2846
575
3329
2337
4062
101
2899
4007
2741
4009
778
665
2266
745
5053
106
3929
2262
1281
3760
2387
694
533
2085
3629
2601
1492
2392
1450
3675
4987
3765
3640
315
4142
1766
2858
1151
61
4691
2587
74
1061
3332
3635
4162
2278
1752
785
211
675
1632
4170
3023
4115
5049
3667
3012
1961
2015
4512
2348
2062
1533
2838
3615
587
5117
3509
1546
5126
3584
4135
1303
1823
4496
4611
3874
2373
137
3124
2245
4034
913
340
238
2854
1
1723
3501
1241
4674
3149
2826
4990
5084
3897
4413
3669
372
3621
2283
2177
4266
4232
1646
4572
5145
3762
453
109
2863
1584
3472
5096
4312
5050
3719
989
4709
4710
3954
4085
1964
4730
1245
3122
668
3366
4804
1005
2074
4359
5185
5057
1771
142
307
3064
4337
3323
3331
3278
2973
2259
1796
1717
2168
4106
4276
510
4346
1227
1656
1515
2461
3980
4159
4335
4756
4769
1531
2321
3821
3098
1320
3144
4379
1511
465
4290
2478
2678
2469
5061
275
3441
2021
114
506
3505
3882
1613
3003
5186
99
4456
3563
4182
780
4947
1805
271
234
1425
2822
1853
1235
4942
1939
4967
4196
2745
14
2815
1803
580
2362
469
4663
693
2922
4840
4865
591
2614
3916
1670
1385
4301
2608
3108
537
2077
3602
5040
4751
8
581
528
1948
1127
3827
3885
3870
1933
4591
4741
3630
4705
915
1840
2254
4353
3698
3132
2795
411
5132
2560
4794
1911
1558
1832
3804
2099
1082
2776
3990
1597
1545
228
1580
2864
3671
3052
3234
1191
1236
2091
1282
1876
2912
5193
1349
3608
216
1147
948
1107
1820
5104
2944
3825
2198
2521
1716
2295
53
3008
3119
4042
5162
3950
4090
1686
2427
3996
617
3162
4678
4576
3670
4542
2397
389
11
3040
2302
814
1374
2700
1512
3687
4372
2916
1130
589
970
1329
1696
4210
448
1654
1833
2646
1471
1758
1014
4702
1410
669
105
5054
2060
3084
1971
2888
1229
884
4859
4494
4443
3150
5076
2202
276
4193
4237
4154
5075
4133
2129
2448
2126
2960
12
3073
68
1488
2566
568
509
2665
69
4104
3839
3495
1272
5163
117
4344
3514
33
4168
2556
5032
2143
703
2313
1790
3590
3
3206
893
3843
1366
3249
1280
860
2949
3909
3318
2279
4118
2137
4969
2544
123
2452
3002
4265
3803
206
1182
2396
2898
1794
3035
290
861
3878
2599
1216
3741
2363
4935
1664
1000
5113
5090
2489
1599
2178
2117
239
3219
1059
1110
58
3022
416
1572
1478
5100
4414
826
3168
1658
102
1157
1256
1921
4528
1554
4711
4770
227
1103
1614
1898
4245
1627
4593
3374
3143
4176
126
5154
1543
2463
3116
2118
2055
1447
4184
2732
3512
1505
3925
2035
2513
2547
3879
4017
1370
2201
2900
1547
1015
4661
5190
2273
4366
3947
3409
4938
63
4006
784
3433
3346
863
3651
249
3753
134
2415
4732
3118
2107
3471
1177
4109
156
4980
1639
1331
2987
1797
2442
3174
403
1066
2510
4736
3236
3518
2240
3443
3173
2156
2274
1146
4539
1750
3748
5063
683
191
2391
5033
462
3039
5081
2551
197
468
4367
4284
4927
441
1259
1423
3877
689
4774
2410
226
1261
1986
872
231
1914
3672
1120
3221
2834
2841
3576
316
3583
2536
4832
4680
3690
4310
4718
502
2264
4157
2378
4145
4704
4916
2871
3490
350
3224
240
1327
394
5036
2884
1807
3831
550
590
5161
1108
158
34
1054
3543
2303
3978
1927
4199
4734
346
3247
658
1787
4925
3300
3684
5131
4100
4160
3809
273
2702
4977
726
1145
740
3248
631
19
1672
4086
2065
1333
1402
4584
3398
1341
474
1195
2886
3241
1560
2617
2319
3131
4636
1831
2068
3080
4453
3408
1802
1529
4936
4585
205
1143
692
5059
2299
1600
595
2856
1438
1205
4073
5030
810
1756
639
4105
4960
3982
2754
771
618
4446
738
313
5085
4303
3048
182
4119
3451
2696
4271
4439
2403
2998
2183
3819
2868
2747
2904
1781
2139
2083
3097
4002
944
4269
1880
4388
463
3341
3522
1856
4047
5141
3297
5116
2069
2972
1141
3550
3434
2928
4646
1626
3717
3146
1013
1468
3376
1207
4485
1477
3459
2190
2827
837
31
3945
4117
1955
4614
1072
4504
4786
2173
5194
1901
4316
132
2249
1915
189
4319
4699
3349
3352
2609
115
4659
3911
2376
1934
5199
1398
2138
1150
767
1142
2500
1684
4558
2176
772
3849
1932
4992
2467
1353
3353
4071
545
4475
4745
3829
994
820
3848
3784
2811
3402
4979
121
4048
1811
2668
424
4714
1086
2135
5119
3650
1355
5064
3187
51
1051
2140
95
1947
2722
4862
2773
5192
2460
1017
1629
629
4417
2545
612
2006
4116
386
5028
3755
248
1249
4354
1731
700
3808
4102
4058
1356
4697
1186
4129
1292
3770
1884
4261
864
2051
4434
996
4078
4511
3676
207
4468
1979
3739
3027
2582
4015
1497
4587
3775
3511
3830
2925
3705
4750
1940
1977
377
124
2597
552
3751
230
3404
2026
334
2142
4146
1577
1302
4066
1210
2130
625
1935
2113
4625
4743
3966
5110
5135
1645
2940
3993
4348
314
2004
1920
3142
821
823
5125
2606
494
2788
1872
175
2705
4857
2563
4386
4547
4579
349
1277
2454
4288
3240
3958
3516
3494
1503
1719
1421
732
3656
4155
659
1065
4148
288
1659
2712
2537
3061
563
2053
623
2022
4478
3674
1258
66
3298
1294
4084
3209
3534
3706
2025
4688
1625
3245
1858
3476
1178
118
2230
930
1169
4932
1347
2412
4497
4790
2470
2676
2441
3314
2364
4546
627
0
367
4487
347
3317
1890
204
4577
3427
444
4352
4566
942
2570
3172
420
172
1246
3038
1886
2361
2637
4150
4452
2929
3338
702
2007
1070
974
4895
324
1339
3725
1077
2188
1116
4662
4025
2926
210
55
2907
1845
3828
1179
2554
2212
3392
634
807
169
1906
1470
311
4778
3253
2193
3856
2882
3405
4252
4609
39
977
3046
1494
4203
3826
4946
2598
455
296
3974
1160
3360
2046
4181
2809
3793
332
4905
4906
2229
3271
2522
2932
2221
5066
4418
1459
475
845
3902
1942
2160
4784
4693
2939
4127
1848
4390
1843
1788
4138
1909
2018
1827
4235
2075
3014
1789
4884
1866
4465
1002
4347
892
540
213
4683
3811
1417
4415
1868
4500
4712
4731
1180
1841
2013
844
1640
1166
4165
4213
2343
1387
1895
155
2401
153
4715
4706
3053
4049
3578
3857
1519
840
4627
1504
3581
2209
3579
2324
1200
387
1162
4480
2951
2669
1968
1762
2673
325
4545
103
3668
1984
3306
3963
1255
5136
3617
987
3649
2994
2993
3430
4059
3106
651
3413
2466
4320
4311
4522
285
557
4644
1938
2064
2902
3813
1993
1680
3777
1244
2558
88
4250
3262
2040
2081
4313
4270
2730
1727
4122
4524
2564
176
3138
2842
4911
402
2778
935
4571
1457
1863
2220
2654
4205
2039
739
280
2909
654
2813
286
856
4326
3311
2228
2210
4339
949
2843
1251
2011
3557
3604
3266
1377
1735
3310
3212
2423
813
1291
177
688
3175
1949
3742
2483
1809
2630
4789
1990
4557
3223
3069
2579
4739
5018
4919
2615
1037
2213
3832
2850
1637
490
1270
1268
1344
2246
1121
526
3774
3749
3479
2290
3290
4847
2610
180
1778
484
4858
1313
5189
2037
1910
1454
3128
5042
4481
1337
1616
4291
84
876
501
1601
2125
1365
4383
319
4537
3316
4467
4827
711
1278
879
1995
1826
4076
3703
547
100
2356
584
3595
1440
3037
1851
4810
1929
3619
3457
1722
2247
5183
5155
1818
2720
2727
3075
5142
663
679
3564
4607
2761
2526
4209
4294
3528
979
1099
184
3968
2798
4077
3215
3823
4602
1346
898
1908
2029
242
1380
2045
1338
1170
4758
682
3110
3731
2170
97
4583
4886
4963
1057
891
2322
1991
2782
1396
4341
1563
5105
2520
335
541
4841
954
2538
4887
515
3081
3931
2825
5172
70
986
5101
3707
4722
1842
1326
2429
3910
157
4173
4046
622
3453
960
4336
4297
2964
4324
2989
2385
3888
2464
1507
512
2475
3644
3058
1487
481
2450
140
3456
2824
2830
4933
653
2585
2404
4747
409
1240
417
1096
2052
1989
3111
2218
4762
222
44
3309
1163
4635
2550
4525
294
1401
2542
1763
2328
4491
429
3646
3548
1508
5004
1158
3301
2207
4717
2071
697
3949
3028
4412
4532
2388
1650
4899
4765
3066
75
4400
52
4375
4811
2208
1698
2386
3571
1081
3393
4318
1608
662
4108
2059
2263
3452
185
1715
2802
3020
1705
464
4075
1804
1414
5182
2681
2758
5115
4200
846
1552
1164
3713
374
1250
2098
878
4422
3786
4814
2372
3994
1218
3622
794
4622
1317
2092
3264
3802
5123
83
779
2927
4459
3186
4791
1992
2670
4289
5184
4051
136
2746
382
1093
365
4520
5137
2317
3220
3824
1399
1583
5180
652
1878
4121
4282
777
3414
4136
5103
4231
2106
1376
1027
4242
927
4924
3551
4867
1525
724
221
1196
50
3647
5121
1882
1950
1916
2112
4251
2793
3685
2180
4309
4089
2223
1733
3523
1881
4914
549
4053
2629
343
4771
4620
2101
2779
1510
3210
774
383
1464
5022
1328
1808
3235
759
2374
972
339
1371
3597
852
1043
3135
295
3188
967
2770
4782
2976
729
5191
2819
931
3906
2584
1860
46
901
1106
245
4509
4612
3944
1786
4037
4277
2531
3074
3923
3042
3547
2931
3531
2237
2217
3363
3921
3359
4212
1412
3480
3694
293
2921
1257
3812
1319
1495
2132
1049
466
795
3951
3395
1225
4381
1798
370
4768
2748
4257
5138
3855
965
371
4141
3263
3252
3491
4513
4561
1476
1161
4440
1871
1714
5187
3773
737
5019
450
4945
4461
3699
3156
4818
3436
2594
4493
2561
262
4645
3570
4092
1175
4983
4757
1603
331
3496
3513
4247
4580
3005
4749
4629
4454
3169
3953
2836
4917
3970
3894
1091
1593
937
3502
4819
4464
964
5120
3937
1653
4764
2719
2644
1732
2102
3920
4574
3228
212
2200
2355
4866
4124
2785
3445
2757
2384
4679
928
4902
3218
3051
2431
3439
2511
4632
3127
3484
4489
571
1400
4829
1532
3743
2270
5044
1499
3941
4421
605
3243
3287
4766
1283
521
2557
3673
1018
3778
3834
1378
4728
1199
754
4466
4371
3936
3701
2990
419
4834
1651
3464
902
1441
5071
848
2195
4229
1136
129
3652
2185
4111
2733
2094
2306
3448
3076
2749
1963
1203
1824
355
4780
144
3254
749
3643
3304
2354
3641
4389
3227
2353
3275
2808
1502
1368
2432
2480
4535
3399
2677
4861
909
3258
1592
3308
5168
3695
4305
406
2762
442
1917
514
1041
5118
4369
3727
5080
4655
534
2490
4776
3011
1697
4569
1445
4855
4754
1462
2962
4036
2611
390
4543
4198
2981
2739
3905
4592
24
141
551
2305
306
530
2214
926
2182
4909
1383
2057
3407
3625
647
4395
5060
1649
3943
2920
338
1128
619
56
3152
4549
1472
318
1509
4988
2718
1362
2088
2231
4050
3959
4852
3141
4763
3858
1008
3975
3015
1767
1276
3800
5039
3473
4891
1661
2474
934
4126
1585
3984
4356
2985
2783
1667
3244
59
1030
5112
3665
992
2456
4894
2105
2892
2639
2219
1518
1296
522
696
220
786
2222
1466
3940
3470
133
554
656
3103
2818
4822
2128
4470
2651
4664
3190
1032
1474
2089
2744
1562
4851
4955
1483
1540
183
1765
91
1612
3862
4941
279
1855
1469
731
2281
3284
3919
2367
193
3527
947
2272
1635
4052
1135
1662
1025
5093
2009
3397
4713
3533
4844
3955
1228
3573
5092
2424
3327
1363
4995
164
2814
4506
5034
908
787
4590
433
916
3406
751
3488
4376
1288
1234
77
376
3335
941
4112
4848
5134
1009
4368
707
1556
62
3510
2853
3895
356
3283
3344
3330
4878
719
4752
16
3358
4869
2578
811
3367
3176
1208
932
3605
457
3914
5188
10
5083
3607
518
5020
2508
535
2048
4442
642
1388
2660
2805
4023
4837
4910
2967
4597
4737
2752
2146
3130
4982
1885
4999
5
2294
4660
3424
30
2127
727
4328
2859
3846
5086
2979
2933
2304
431
80
3880
13
2687
